arousalScore,trueArousal
0.4240,3.0000
0.7900,4.0000
0.9825,4.0000
0.6837,3.5000
0.5691,3.5000
0.6362,3.0000
0.6330,4.0000
0.3335,3.5000
0.8649,3.0000
0.4283,3.0000
0.3039,4.5000
0.4597,3.0000
0.7936,3.5000
0.9921,4.0000
0.9666,3.5000
0.9635,5.0000
-0.3398,3.5000
-0.6994,3.0000
0.1179,3.0000
0.8682,4.0000
0.6255,3.5000
0.1600,3.5000
0.2964,4.0000
0.5921,3.5000
-0.4266,2.0000
-0.5968,3.0000
0.4358,4.0000
0.8235,3.0000
0.5748,4.0000
0.2512,3.0000
0.7076,4.0000
-0.4702,2.5000
-0.3843,3.0000
0.2535,3.5000
0.2583,4.0000
0.7389,3.0000
-0.6178,2.0000
0.9635,4.5000
-0.5847,2.0000
0.4775,3.5000
-0.1145,3.0000
-0.3831,2.5000
0.0293,3.5000
-0.3225,2.5000
0.5310,3.0000
-0.8328,2.5000
-0.6980,2.5000
-0.1662,3.0000
-0.5212,2.5000
0.6949,4.0000
-0.2240,2.0000
-0.4955,3.0000
0.1894,4.0000
-0.2865,3.5000
-0.1328,2.5000
0.2796,3.0000
0.9825,4.0000
0.4900,3.0000
-0.6799,2.5000
-0.3576,3.5000
-0.2861,3.0000
0.5567,4.0000
0.2258,2.5000
0.4923,4.0000
-0.3258,3.0000
-0.5116,3.5000
0.5537,3.5000
-0.2596,3.5000
0.0465,3.5000
-0.2039,3.5000
0.1997,2.5000
-0.5669,2.5000
-0.3877,2.0000
0.2265,4.0000
-0.3992,3.0000
-0.2928,3.5000
0.1492,3.5000
0.8999,4.0000
0.8918,3.5000
0.4474,3.5000
0.6258,2.5000
0.1782,4.0000
-0.0886,3.0000
0.3610,3.5000
0.1576,3.5000
0.3069,4.0000
0.8396,4.0000
0.9555,4.0000
-0.0299,3.0000
0.6950,4.0000
0.4403,4.0000
0.7420,4.0000
-0.2051,2.5000
-0.1958,3.0000
0.9349,4.0000
-0.3384,2.5000
0.8500,4.0000
-0.2211,3.5000
0.3630,3.5000
-0.6859,3.0000
0.7296,4.0000
0.1466,3.5000
0.8169,3.5000
-0.6873,2.5000
0.4142,3.5000
-0.0709,2.5000
0.2611,3.0000
-0.5316,3.0000
-0.2216,3.0000
-0.9230,2.0000
0.5476,4.0000
0.5911,3.5000
-0.9134,2.0000
0.0890,3.0000
0.0760,3.0000
0.0843,3.5000
-0.1065,3.5000
0.4319,3.5000
-0.4952,3.0000
-0.7587,2.0000
0.8961,3.5000
0.1635,4.0000
0.4866,3.0000
0.4988,4.0000
0.8587,4.0000
-0.6988,2.5000
-0.7545,3.0000
-0.8126,3.0000
-0.5478,3.5000
-0.8572,2.5000
0.3522,2.5000
-0.9086,2.0000
0.6803,4.0000
0.9254,4.0000
0.5538,3.5000
0.6797,3.5000
-0.4157,4.0000
-0.1063,4.0000
0.4362,4.0000
0.7821,3.5000
0.5843,3.0000
-0.0437,2.5000
0.6676,3.5000
0.6828,4.0000
-0.4063,2.5000
0.1457,3.0000
-0.3801,3.5000
0.4563,3.5000
0.1992,3.5000
0.8105,3.5000
-0.6866,3.5000
0.9151,3.5000
-0.6967,2.0000
-0.0280,3.0000
-0.2118,2.0000
-0.5521,2.0000
0.7430,3.0000
0.6294,3.0000
-0.6466,2.0000
0.9254,4.0000
-0.2006,2.5000
-0.0134,3.5000
0.0240,3.0000
-0.2439,3.0000
0.3863,3.0000
-0.1411,3.0000
-0.8103,2.5000
-0.9103,2.0000
0.6817,2.5000
-0.8745,4.0000
-0.4108,3.0000
0.9444,3.5000
0.1558,3.0000
0.4582,2.5000
0.0970,3.0000
0.1214,3.5000
0.5388,3.0000
0.2508,3.0000
0.6976,3.5000
-0.4478,3.5000
-0.2312,2.0000
-0.2511,4.0000
0.1551,3.0000
0.3728,3.0000
-0.5759,2.5000
0.9181,3.5000
-0.2127,3.5000
-0.2353,3.0000
0.8502,3.0000
0.8609,3.0000
-0.5090,3.0000
0.2924,2.5000
-0.0129,3.0000
0.9820,4.0000
0.5972,3.5000
0.0268,2.5000
0.5079,3.0000
0.2037,3.0000
0.0365,4.0000
-0.2595,2.0000
0.9261,4.0000
0.8897,3.5000
0.9175,2.5000
0.8751,3.0000
0.9301,3.5000
-0.3568,3.5000
0.9494,3.0000
-0.2085,3.0000
0.9921,5.0000
0.5795,3.0000
0.4704,4.0000
-0.3399,2.0000
-0.2459,2.0000
0.9841,4.5000
-0.5217,3.0000
0.9952,3.0000
0.6531,3.0000
-0.4891,3.0000
-0.3306,3.0000
0.7728,3.0000
0.8554,3.0000
-0.0465,3.0000
0.5218,2.5000
0.5288,3.0000
0.5322,3.0000
-0.1247,3.5000
0.2860,3.0000
-0.5688,2.0000
0.5805,3.5000
-0.7751,2.0000
-0.6544,2.5000
0.3190,3.5000
-0.1552,3.5000
-0.4736,2.5000
-0.4873,2.5000
-0.4803,2.5000
-0.1779,2.0000
0.7636,4.0000
-0.2551,2.5000
0.9041,3.0000
0.1574,4.0000
0.4139,3.5000
-0.6291,3.0000
-0.2698,3.0000
-0.8180,2.0000
-0.7656,2.5000
0.4493,3.5000
0.3518,3.5000
-0.6237,3.0000
-0.2195,2.5000
0.1318,3.5000
0.0122,3.5000
-0.0651,3.5000
-0.4545,2.5000
0.1820,2.5000
-0.4460,2.5000
0.2152,3.5000
0.0572,2.5000
-0.3313,3.5000
0.8405,3.5000
-0.5190,2.5000
-0.1290,3.0000
-0.8213,2.0000
0.1537,4.0000
-0.6808,3.0000
-0.6140,2.0000
-0.3327,2.5000
0.7387,2.5000
0.8058,3.0000
0.7551,3.5000
-0.6840,2.5000
-0.5332,2.5000
0.5045,4.0000
0.4509,3.5000
0.2360,3.0000
-0.2766,2.5000
-0.5047,3.0000
0.1499,3.5000
0.0436,2.5000
-0.4098,2.0000
0.7172,3.5000
-0.1580,2.5000
0.2193,4.0000
-0.8468,3.0000
-0.4632,2.0000
-0.0875,3.0000
0.3852,3.0000
-0.3505,3.0000
0.2969,3.0000
0.6750,3.5000
-0.9500,2.0000
0.6000,4.0000
0.8502,3.0000
-0.0090,2.5000
0.0966,3.5000
0.1738,3.5000
0.9334,4.5000
-0.4276,2.5000
0.4866,3.0000
-0.0456,3.0000
-0.4273,3.5000
0.1841,3.0000
-0.1514,2.0000
0.2238,3.0000
0.5932,2.6667
0.8245,3.3333
0.7029,3.3333
-0.7476,2.3333
0.2945,3.0000
-0.0325,2.6667
0.0424,2.0000
-0.0449,2.6667
0.1799,2.6667
0.1074,3.0000
0.1729,3.0000
-0.0271,3.0000
0.6652,2.6667
0.3696,2.6667
0.8888,3.0000
0.3293,2.3333
0.1839,3.3333
0.6283,3.3333
-0.2595,2.3333
0.0517,2.6667
0.0792,2.0000
0.0766,2.6667
0.4457,3.0000
0.0470,3.6667
0.4426,3.6667
-0.6427,2.3333
0.0514,2.0000
-0.2085,2.3333
-0.5688,2.3333
-0.2698,3.3333
0.6943,3.0000
-0.3651,2.3333
0.5678,2.6667
0.9198,2.6667
0.2218,2.0000
0.6810,3.3333
0.3412,2.3333
0.5331,3.0000
0.0735,2.6667
0.4729,3.3333
-0.2046,2.6667
-0.0001,3.3333
-0.5623,2.6667
-0.4093,3.0000
-0.0077,3.0000
0.3527,2.6667
-0.3353,3.0000
0.0355,2.3333
0.6135,2.6667
0.1707,2.6667
-0.3257,2.6667
0.0932,2.5000
0.1499,3.5000
-0.4609,3.5000
0.3111,3.0000
0.7157,3.5000
-0.2930,3.5000
0.6323,4.0000
0.5965,4.0000
0.4415,3.0000
0.6126,3.5000
0.7595,4.0000
-0.5411,2.5000
0.4872,3.0000
0.4987,4.0000
0.2137,3.0000
0.1774,3.5000
0.3607,3.5000
-0.5386,3.0000
-0.1259,2.5000
-0.4647,2.0000
-0.7769,2.5000
-0.6494,3.0000
0.0442,3.0000
0.6880,4.0000
0.0314,4.0000
-0.3404,3.5000
0.4615,3.5000
-0.6660,2.5000
0.2328,3.5000
0.6870,3.0000
0.1545,2.5000
0.4326,3.5000
0.5257,3.5000
-0.6217,2.5000
0.6342,3.5000
0.8009,3.5000
-0.3123,2.5000
0.7208,4.0000
-0.4138,2.0000
0.6980,4.0000
-0.2701,3.0000
0.0126,3.0000
-0.3103,2.5000
-0.4965,2.5000
-0.2963,3.5000
0.0306,2.5000
0.4869,4.0000
0.2027,3.5000
-0.1040,2.5000
-0.2078,2.5000
-0.1664,3.5000
-0.6796,2.5000
0.1153,3.5000
-0.3700,3.0000
-0.3921,2.0000
0.4500,4.0000
0.4948,2.5000
0.5381,3.5000
0.1113,3.0000
-0.7778,2.0000
0.8862,2.5000
0.8103,3.5000
0.1031,2.5000
-0.3563,2.5000
-0.6475,2.5000
-0.3736,2.5000
-0.3048,2.5000
0.8769,4.0000
-0.1369,2.0000
-0.5578,2.5000
0.4137,2.5000
0.1960,3.5000
-0.1353,3.0000
-0.2231,3.0000
0.4101,4.0000
0.6521,4.0000
0.8163,3.0000
-0.6937,2.0000
-0.4237,2.5000
0.9731,4.0000
-0.0516,3.0000
0.5668,3.5000
0.8851,4.0000
0.6493,3.0000
0.6141,3.0000
-0.4202,2.5000
0.0603,2.5000
0.1211,3.0000
0.4167,3.5000
0.7844,3.5000
0.6390,4.0000
-0.6034,2.5000
-0.6996,2.0000
-0.1446,3.0000
0.1864,3.0000
0.6896,3.5000
-0.1558,2.5000
-0.8018,2.5000
-0.2062,2.5000
-0.7038,2.5000
0.8006,3.5000
-0.2691,2.5000
-0.0779,2.5000
0.2608,2.5000
-0.4874,3.0000
0.7644,4.0000
-0.4600,2.5000
-0.4533,2.5000
0.6070,3.5000
-0.6001,2.5000
-0.1086,2.5000
0.1580,3.5000
-0.7793,2.5000
-0.1458,2.5000
-0.0215,2.5000
0.4716,3.5000
-0.6735,2.5000
0.8904,3.5000
0.1901,3.0000
0.3167,3.5000
0.6659,3.5000
0.7683,3.0000
0.1417,2.5000
0.1340,3.5000
0.4808,3.5000
-0.2461,3.5000
-0.2912,1.3333
-0.7236,1.6667
-0.6936,2.3333
0.3325,3.3333
-0.8863,3.0000
-0.7941,2.0000
-0.0069,3.3333
-0.5343,1.6667
-0.7412,2.3333
-0.8352,2.0000
0.1654,2.6667
-0.5992,3.0000
-0.5954,2.3333
-0.8994,2.3333
-0.9229,2.0000
-0.1196,2.0000
-0.9214,2.0000
-0.6122,2.6667
-0.9356,2.0000
-0.7978,2.0000
-0.8174,2.0000
-0.4747,1.6667
-0.5259,2.3333
-0.3121,2.0000
-0.1923,2.3333
-0.8370,2.3333
-0.1616,2.6667
-0.6128,2.3333
0.4198,3.0000
0.7714,3.6667
0.6937,3.0000
0.8888,4.0000
0.3842,3.0000
0.5209,3.0000
0.8381,3.0000
0.9841,4.0000
0.3115,2.6667
0.5453,3.0000
0.4626,3.3333
0.7292,4.0000
-0.3754,2.3333
0.0598,2.6667
0.8935,3.3333
0.3599,3.0000
0.5167,2.6667
0.6807,3.6667
0.8900,3.0000
0.8416,3.6667
0.6697,3.6667
0.9489,3.3333
0.4735,2.6667
0.7315,3.6667
0.8580,3.6667
0.6006,3.0000
0.1464,2.6667
0.7492,3.5000
0.4769,4.5000
-0.2907,2.5000
0.8682,2.0000
0.7075,3.0000
-0.0301,2.5000
0.8285,3.5000
-0.0224,3.0000
0.1283,2.0000
0.0236,2.5000
0.7473,3.0000
0.2260,2.5000
0.4769,3.5000
0.2337,2.5000
0.3873,2.5000
-0.0083,2.5000
0.8812,3.5000
-0.2692,3.0000
0.1605,3.0000
-0.3782,2.5000
-0.0821,2.5000
-0.4028,3.0000
0.2628,3.0000
0.9921,3.5000
-0.0018,2.5000
0.6380,3.5000
0.8805,3.5000
0.3833,3.0000
-0.0350,3.5000
0.4430,3.0000
0.2650,2.5000
0.6931,3.0000
-0.2184,3.0000
0.4410,4.5000
0.6625,3.0000
0.6761,2.5000
0.1840,3.0000
0.1735,2.5000
-0.6030,2.5000
0.4791,2.5000
-0.1679,2.0000
0.7606,3.5000
-0.1703,2.0000
0.6925,3.0000
-0.7921,2.5000
0.2255,2.0000
-0.4393,2.5000
-0.1545,2.5000
0.9354,3.5000
0.1110,3.5000
0.8254,3.5000
-0.6610,2.0000
0.0632,3.5000
0.5141,2.5000
-0.1593,3.0000
0.1939,1.5000
-0.0388,2.5000
0.2490,2.5000
-0.7077,3.0000
0.3063,4.0000
-0.1018,3.0000
0.0578,3.0000
0.7600,3.5000
0.6186,2.5000
0.0531,2.0000
-0.8369,2.0000
-0.3490,2.5000
0.5157,4.0000
-0.1982,3.0000
-0.3431,2.5000
0.0522,2.0000
-0.2522,2.5000
-0.3845,3.0000
0.3500,3.0000
-0.5457,3.5000
0.8323,4.5000
-0.2167,3.5000
-0.2637,2.5000
0.4997,3.5000
-0.7055,2.0000
0.0153,3.0000
-0.1606,3.5000
-0.6178,2.5000
0.0073,3.0000
0.7563,4.0000
-0.5232,2.0000
-0.4818,3.0000
0.0165,2.0000
0.2906,3.5000
0.0927,2.5000
-0.2618,2.5000
-0.3044,3.5000
-0.2827,2.5000
-0.2409,3.0000
0.1243,2.5000
0.2292,2.5000
-0.1802,2.5000
0.1426,3.0000
-0.3409,2.0000
0.7882,3.0000
0.1897,2.5000
0.1754,3.0000
-0.1500,4.0000
-0.0411,3.5000
-0.4469,3.0000
0.0949,3.0000
0.3255,4.0000
-0.1320,2.5000
-0.5033,2.0000
-0.7730,3.0000
0.2355,3.0000
-0.1480,3.0000
0.0027,3.0000
-0.8483,2.0000
-0.0079,2.5000
0.6145,4.0000
-0.0661,2.5000
-0.2648,3.0000
0.0538,3.5000
0.9166,5.0000
-0.3184,2.5000
0.9523,4.5000
0.9909,4.0000
0.8581,4.0000
0.7611,4.0000
0.9127,4.5000
0.6286,3.0000
0.9825,3.5000
0.8767,4.0000
0.4173,3.0000
0.5956,4.0000
0.5777,2.5000
0.8508,2.5000
0.6830,3.0000
-0.4916,3.0000
-0.2008,3.5000
0.5864,3.0000
0.2410,2.5000
0.3097,2.5000
0.1966,2.5000
0.6475,3.0000
-0.2406,3.0000
0.8523,3.5000
0.2069,3.5000
0.1345,3.0000
0.6417,3.0000
0.6181,3.5000
-0.0269,3.0000
0.3303,3.3333
0.0797,3.0000
0.7571,3.0000
0.4640,3.0000
0.4159,2.3333
0.7837,3.6667
-0.2656,2.6667
0.1306,3.6667
-0.3959,2.3333
-0.1452,2.0000
0.4027,3.0000
0.1361,2.3333
0.3771,2.3333
0.7165,4.0000
0.4017,2.3333
-0.8897,1.6667
0.0015,2.3333
-0.5092,2.6667
0.6086,3.6667
-0.2616,2.3333
-0.6986,2.0000
-0.3742,2.3333
-0.0078,2.3333
0.8012,3.6667
-0.0687,2.3333
0.6202,3.3333
0.5988,2.3333
0.7616,2.6667
0.3567,2.6667
0.3383,2.6667
0.4913,3.3333
0.2946,2.0000
0.3150,2.6667
0.6027,2.6667
0.4658,2.6667
0.4496,2.6667
0.9921,3.6667
0.8147,3.3333
0.5776,2.3333
-0.2868,1.6667
0.0014,2.6667
0.7681,3.3333
0.9581,3.0000
0.7417,3.3333
0.3287,3.0000
0.7259,3.3333
0.9539,3.3333
0.8543,3.3333
-0.5562,2.7500
0.0656,2.5000
0.4778,3.0000
0.5831,3.2500
-0.1393,2.7500
0.9909,3.5000
0.8762,3.7500
0.1191,2.7500
0.5708,4.0000
0.9921,4.7500
0.9523,4.2500
0.5455,3.0000
0.1298,3.5000
0.9412,3.7500
0.9812,4.0000
0.8587,3.7500
0.9364,3.5000
0.9730,3.2500
0.8787,4.2500
0.7569,3.2500
0.9635,4.0000
0.4676,3.5000
0.7245,3.7500
0.7889,3.7500
-0.3029,2.7500
0.1607,3.0000
0.9349,4.0000
0.1027,2.5000
-0.1991,3.0000
-0.4364,2.5000
0.3166,2.5000
0.0399,2.5000
0.8188,4.0000
0.7719,3.0000
0.1031,2.5000
0.9571,3.5000
-0.2203,3.0000
0.8268,3.5000
0.9825,4.0000
0.7840,3.5000
0.0240,3.0000
0.1470,2.5000
0.6838,3.0000
0.6422,3.5000
0.2893,2.5000
0.3140,3.0000
0.0507,2.5000
0.1902,3.0000
0.2188,3.0000
0.9542,4.0000
-0.5119,2.5000
0.5685,3.5000
0.3290,3.0000
0.3157,2.5000
0.8729,4.5000
0.8436,3.0000
0.0840,3.0000
0.5111,3.5000
0.8429,4.0000
0.9493,3.0000
0.1648,2.5000
0.2531,3.5000
0.0565,3.5000
-0.5212,2.5000
-0.4540,2.0000
-0.4441,3.5000
0.1076,3.5000
-0.0498,3.5000
-0.7769,3.0000
-0.2383,3.5000
0.6313,4.0000
-0.1505,3.0000
0.2269,3.0000
0.3035,2.0000
-0.0517,2.0000
-0.4847,3.0000
-0.3947,2.5000
-0.0023,3.5000
0.1563,4.0000
0.1542,3.5000
-0.4457,2.5000
-0.3633,3.0000
-0.5558,2.0000
-0.3910,3.0000
0.3337,3.5000
-0.3740,3.0000
-0.0472,4.0000
-0.1368,2.0000
-0.5192,2.5000
0.4486,4.5000
-0.2698,3.5000
0.0750,3.0000
-0.5383,3.0000
0.2480,2.5000
-0.0285,2.5000
-0.2173,2.5000
-0.1777,2.5000
-0.6585,3.0000
0.7443,4.0000
-0.4707,3.0000
-0.4121,3.0000
-0.6282,2.0000
-0.1564,3.5000
-0.5533,2.5000
-0.6871,2.0000
-0.6729,3.5000
-0.3512,3.0000
-0.1019,2.5000
0.1080,4.0000
0.1759,3.0000
-0.2058,3.0000
0.0866,2.5000
-0.0891,3.5000
-0.7686,2.5000
0.6999,4.5000
0.4692,4.0000
-0.7356,2.5000
0.2007,3.5000
0.0324,3.5000
-0.4113,3.0000
0.3287,3.5000
-0.3640,3.5000
-0.5513,2.5000
0.3286,2.5000
0.1672,2.5000
0.3301,2.5000
0.8554,3.5000
0.5670,3.5000
0.3296,3.0000
0.7022,4.0000
0.5924,2.5000
-0.6076,2.5000
0.3868,3.5000
0.7234,3.5000
0.8036,2.0000
-0.1699,2.5000
-0.2256,2.0000
0.9921,4.0000
0.1409,3.5000
0.6275,3.5000
0.5250,3.0000
0.7858,4.0000
0.9728,4.0000
0.8728,4.0000
0.9909,4.5000
0.7758,3.0000
0.9523,4.0000
0.9746,4.5000
0.9218,4.0000
0.9825,3.5000
0.1442,3.5000
0.4430,3.5000
0.7629,3.0000
-0.1090,2.5000
0.5940,3.5000
0.3569,4.0000
0.9726,3.5000
0.3808,3.0000
0.3336,3.5000
0.9909,4.0000
0.8102,3.0000
0.3851,3.0000
0.9627,3.5000
0.6245,3.5000
0.9405,4.0000
0.9285,3.5000
0.5878,4.0000
0.9224,3.5000
0.1646,3.0000
0.5098,3.5000
0.2620,3.0000
0.9666,4.0000
0.9921,4.5000
0.6444,3.5000
-0.7508,3.0000
0.5257,3.5000
-0.8538,2.0000
-0.8751,2.5000
-0.5947,1.0000
-0.7135,2.5000
-0.8508,1.5000
-0.8493,2.5000
-0.7973,2.0000
-0.6384,2.5000
-0.7167,2.5000
-0.6964,1.5000
-0.5987,1.5000
-0.7865,2.0000
-0.4262,1.5000
-0.5369,2.0000
-0.8449,1.5000
-0.6783,3.0000
-0.5510,2.0000
-0.8639,2.0000
-0.8110,2.0000
-0.7522,2.5000
-1.0000,2.0000
-0.6384,1.5000
-0.5057,2.0000
-0.8247,2.0000
-0.7625,2.0000
-0.8996,2.0000
-0.6603,2.5000
-0.8737,2.5000
-0.5748,1.5000
-0.2914,1.5000
-0.3448,2.5000
-0.2760,3.0000
-0.6957,2.5000
0.3167,3.5000
0.8088,4.0000
0.9212,4.0000
0.8749,4.0000
0.3327,3.0000
0.1609,3.0000
0.0106,3.5000
0.2612,3.0000
0.7160,3.0000
-0.3722,3.0000
0.8990,4.0000
0.0396,3.5000
-0.0128,2.0000
0.9587,4.0000
0.0009,3.0000
0.0461,2.5000
0.0541,2.5000
0.2124,2.3333
0.8651,3.6667
-0.5601,3.0000
0.9126,3.6667
0.9269,4.3333
-0.5309,2.3333
0.7040,3.6667
0.4366,3.0000
0.8651,3.6667
0.2062,2.6667
0.0715,3.0000
0.9603,3.6667
0.6624,3.3333
0.3336,3.3333
0.2158,3.6667
-0.4161,2.6667
-0.5910,2.6667
0.3573,3.0000
-0.5863,2.0000
-0.2610,3.5000
0.9269,2.5000
0.6848,3.5000
0.8131,3.0000
0.2970,2.5000
0.2875,3.0000
0.0967,3.0000
-0.4217,3.5000
0.4237,2.5000
0.4405,3.5000
0.9820,3.0000
0.3850,2.5000
0.8157,3.5000
0.6182,3.5000
0.2737,2.5000
-0.1734,2.0000
-0.4192,2.0000
-0.6724,2.0000
-0.2729,2.5000
0.9523,3.5000
0.9954,4.5000
-0.7350,2.5000
-0.3912,2.0000
0.0538,2.0000
0.5556,3.5000
-0.0266,3.5000
0.3160,3.0000
-0.0056,2.0000
0.6703,3.0000
0.1852,3.0000
0.4527,3.5000
-0.2094,3.0000
-0.5643,3.5000
-0.0275,2.5000
0.7022,4.0000
-0.5481,1.5000
0.8128,3.5000
0.0761,2.5000
-0.5403,2.0000
0.7429,3.5000
-0.2478,2.0000
-0.1447,3.0000
-0.0645,2.5000
-0.1414,2.0000
0.4718,2.5000
0.1917,3.0000
-0.4736,2.5000
0.1795,3.0000
0.4224,2.5000
0.7083,3.0000
-0.1269,2.5000
0.1972,2.5000
0.9017,4.0000
-0.4992,2.0000
0.0861,2.5000
0.9073,3.5000
0.0392,3.0000
0.1058,3.5000
0.5918,3.5000
0.0665,3.5000
-0.0747,3.5000
-0.4072,2.5000
-0.3604,3.5000
0.7022,2.5000
-0.7884,2.0000
0.0112,2.5000
-0.2443,4.0000
-0.0333,3.5000
-0.0535,2.0000
0.2618,3.5000
0.5965,3.0000
-0.2280,2.5000
0.9357,4.0000
0.6712,4.0000
-0.1804,2.5000
-0.6217,2.5000
-0.4057,3.0000
-0.0737,2.5000
-0.6188,3.0000
-0.7381,2.5000
-0.3778,2.0000
-0.1096,2.0000
0.0753,3.0000
0.3436,2.0000
-0.0396,2.5000
0.7559,2.5000
0.5134,2.5000
-0.0290,2.5000
-0.7061,2.0000
-0.4927,2.0000
-0.2333,2.5000
-0.0708,2.5000
-0.1185,2.5000
0.5657,2.0000
-0.3484,2.5000
0.4100,2.5000
0.5803,3.5000
-0.2774,2.5000
0.0483,3.5000
0.2701,3.0000
0.9178,3.5000
-0.1643,2.5000
0.0390,3.5000
0.5299,2.5000
0.5253,3.0000
-0.6820,2.5000
0.8378,3.5000
0.7416,3.5000
-0.4706,3.0000
0.8302,3.0000
-0.2132,2.0000
-0.4986,1.5000
0.9527,2.0000
0.3482,3.5000
-0.2868,2.5000
-0.3797,2.5000
0.3440,3.0000
0.1164,2.5000
0.8053,3.5000
0.2579,3.5000
0.2876,3.0000
0.9811,3.0000
0.7125,3.5000
0.4228,3.0000
0.5612,2.5000
-0.1772,2.0000
-0.2172,2.5000
0.8448,2.0000
-0.7355,3.0000
0.0300,2.5000
-0.6253,3.0000
-0.0333,3.0000
-0.3439,2.0000
-0.3947,3.5000
-0.0112,4.0000
-0.0338,3.0000
-0.3636,3.0000
0.7661,4.0000
0.3810,3.0000
-0.0723,2.5000
-0.4823,2.0000
0.0397,3.5000
-0.1346,3.0000
0.6995,4.0000
0.3177,3.0000
0.0548,2.5000
0.2935,4.0000
0.4040,3.5000
0.7832,2.5000
0.1033,3.5000
0.2979,3.0000
0.6197,3.0000
-0.7587,2.5000
0.8257,3.5000
-0.5715,2.5000
0.8830,3.0000
-0.6066,2.0000
0.2097,2.5000
0.0934,2.0000
0.3769,3.5000
0.9175,3.5000
0.8446,2.5000
0.3384,2.5000
-0.0061,2.0000
-0.3409,2.5000
-0.6085,2.5000
-0.3653,3.0000
0.4303,3.0000
-0.7450,2.5000
0.4224,2.5000
-0.5343,2.0000
-0.6106,3.0000
0.3366,2.5000
-0.3249,2.5000
-0.2703,3.0000
-0.6726,2.5000
-0.7327,2.5000
-0.6093,2.5000
-0.6308,2.5000
-0.6627,2.5000
-0.7392,3.0000
0.4770,3.0000
-0.8289,2.5000
-0.6670,2.5000
0.0812,2.5000
-0.3115,3.0000
-0.3741,3.0000
-0.7555,2.5000
-0.3257,2.5000
-0.4254,2.5000
-0.5620,3.0000
-0.3584,2.5000
-0.4662,2.5000
0.4348,3.0000
0.4194,2.3333
0.9420,4.0000
-0.0317,2.6667
0.4214,3.0000
-0.0870,2.6667
0.7392,3.0000
-0.6521,1.6667
0.2062,3.3333
0.7393,3.3333
0.1226,2.3333
0.0251,2.6667
0.3666,2.6667
0.7247,3.3333
0.4997,2.3333
0.5521,3.3333
0.8841,3.3333
0.0985,3.3333
0.9132,3.6667
0.8698,3.6667
0.5953,3.0000
0.8986,4.3333
0.7096,2.6667
0.9610,3.3333
-0.6523,2.0000
0.8624,3.0000
-0.6292,2.3333
0.2571,3.0000
0.5952,3.6667
0.1020,2.3333
0.5956,3.6667
-1.0000,2.0000
0.4296,2.6667
0.7321,3.0000
-0.1282,3.5000
0.2864,3.5000
0.4217,3.0000
0.7545,4.0000
-0.5408,2.0000
0.7979,3.0000
0.6805,2.5000
0.4928,3.5000
0.6794,3.5000
0.8647,3.5000
0.6262,3.5000
0.9891,4.5000
0.9497,3.0000
0.6949,3.5000
1.0000,4.5000
0.9410,3.5000
1.0000,4.5000
0.6545,2.5000
0.9133,4.0000
0.5948,3.5000
0.9566,4.0000
0.6087,3.5000
0.3493,3.0000
1.0000,4.5000
0.4933,3.5000
0.9566,4.0000
-0.6837,1.5000
0.6237,3.5000
1.0000,4.5000
0.5443,2.5000
-0.2145,2.0000
0.8847,3.0000
0.8772,3.0000
-0.6045,2.0000
0.3932,3.0000
0.0884,3.5000
1.0000,4.5000
0.5174,2.0000
0.7070,3.5000
0.6230,3.5000
0.4919,3.5000
0.6949,4.0000
0.9941,4.5000
0.8788,3.5000
-0.7961,2.0000
0.7901,3.0000
0.7369,3.0000
-0.4753,2.5000
0.7253,3.0000
0.3943,3.5000
0.5779,3.0000
0.9891,4.5000
0.0129,3.5000
-0.1147,2.0000
0.8842,3.5000
0.8195,3.5000
0.9535,4.0000
0.7329,2.5000
0.6128,3.0000
0.6390,4.0000
0.6388,3.0000
0.5773,3.0000
0.5974,3.5000
0.2751,2.5000
-0.7970,3.0000
0.7543,3.0000
0.4364,3.5000
0.5274,3.0000
-0.5377,2.0000
0.6853,3.5000
0.6852,2.5000
0.9564,4.0000
0.6197,2.5000
0.1579,2.5000
-0.2175,2.0000
0.7627,4.0000
1.0000,4.0000
0.0403,2.5000
0.9371,3.5000
0.8838,3.5000
0.2036,3.5000
0.7433,3.0000
0.7979,3.5000
0.7981,3.5000
0.8698,4.0000
-0.7099,2.5000
-0.1406,2.0000
-0.0708,2.5000
0.5059,3.5000
-0.1869,3.5000
0.3778,3.0000
-0.4796,3.3333
0.1720,2.6667
0.5645,2.0000
0.4035,1.6667
0.3461,3.3333
0.3923,3.3333
-0.6050,2.6667
0.6872,3.3333
-0.2459,2.0000
0.5335,3.3333
0.5763,3.0000
0.4338,3.3333
0.8432,3.0000
0.6021,3.3333
-0.1723,3.0000
0.6223,2.6667
0.4784,3.0000
-0.1514,2.6667
0.4794,3.3333
0.4448,4.0000
0.3649,4.0000
-0.3272,3.5000
-0.2842,2.5000
0.6972,3.5000
0.3185,3.0000
-0.7910,2.0000
0.7825,3.0000
0.7301,4.0000
0.6084,3.5000
0.7685,2.5000
-0.6881,2.0000
0.9225,4.0000
0.5178,3.5000
-0.7275,2.5000
0.0736,3.0000
-0.6200,3.0000
-0.0998,3.0000
0.8408,3.5000
0.1348,3.0000
0.9132,4.5000
-0.8616,2.5000
0.7547,4.0000
0.2195,2.5000
-0.7122,3.0000
0.6964,3.5000
-0.8220,2.5000
0.8123,3.5000
0.3213,4.0000
0.0037,3.0000
0.4956,3.0000
0.5809,3.5000
-0.0255,3.5000
0.8699,4.5000
0.7976,3.5000
-0.8264,2.0000
-0.3594,3.5000
0.4661,3.0000
-0.1138,2.5000
-0.1746,2.5000
0.2793,3.5000
-0.5499,2.5000
0.7433,3.5000
0.1890,2.5000
-0.1841,2.5000
-0.4783,3.5000
0.8554,3.5000
-0.0282,3.0000
0.3966,3.0000
0.5562,3.0000
0.2182,3.0000
0.1482,3.5000
0.6680,4.0000
0.8846,4.0000
0.2852,3.5000
-0.4977,2.5000
-0.6749,2.5000
-0.4776,2.0000
0.8266,4.5000
-0.3193,2.5000
-0.7680,2.5000
0.8698,3.0000
0.6250,3.5000
0.0029,3.0000
-0.6534,2.5000
0.9061,3.5000
0.3218,3.5000
0.0064,2.0000
0.2977,3.5000
-0.1048,2.5000
0.8554,4.0000
0.0736,3.0000
-0.6003,2.0000
0.3650,3.5000
0.0450,2.5000
0.1385,3.0000
-0.3759,3.0000
0.3201,3.0000
0.6592,3.5000
0.2567,3.5000
-0.5072,2.0000
0.9132,3.5000
0.5065,4.0000
0.6820,4.0000
0.4524,2.5000
0.7976,4.0000
-0.5801,3.0000
0.5171,3.0000
0.2810,3.5000
0.1058,2.5000
0.7843,3.5000
0.8267,4.5000
0.1914,4.0000
-0.1330,2.5000
0.5935,2.5000
0.9278,4.5000
-0.1007,3.5000
0.5758,3.0000
0.8384,3.0000
0.1036,3.5000
0.5008,3.0000
0.3993,3.0000
0.3579,4.0000
0.2185,3.0000
0.4205,2.5000
0.4023,2.5000
0.6503,3.0000
0.5535,3.0000
0.9415,4.5000
0.8693,4.0000
0.2907,3.0000
0.1894,3.5000
0.8382,3.5000
0.4472,3.0000
0.5451,3.0000
0.5827,3.0000
0.3602,3.5000
0.9854,4.0000
0.2820,2.5000
-0.5946,3.0000
-0.5947,2.5000
-0.6378,2.5000
-0.1893,3.5000
-0.4933,2.5000
-0.5248,1.5000
-0.4064,2.5000
-0.3392,2.5000
-0.8031,2.0000
0.2790,1.5000
-0.7978,2.0000
-0.8991,2.0000
-0.7487,2.0000
-0.5350,2.0000
-0.5943,2.0000
-0.4360,3.0000
-0.4956,2.0000
-0.5946,2.0000
-1.0000,1.5000
-0.6185,2.5000
-0.5618,2.0000
-0.8694,3.0000
-0.3627,2.5000
-0.9053,2.0000
-0.4645,3.0000
-0.4786,2.0000
-0.8114,2.5000
-0.6233,2.5000
-0.2177,2.0000
-0.3212,2.5000
-0.5372,2.0000
-0.8538,2.0000
-0.5542,2.5000
-0.0674,2.0000
-0.6958,2.5000
-0.6820,2.0000
-0.8588,2.5000
0.6968,4.0000
0.2256,3.0000
0.5849,3.0000
0.9564,3.5000
0.4440,3.5000
0.5324,3.0000
0.0503,3.0000
0.8943,3.0000
-0.0457,3.0000
-0.1019,3.0000
0.8834,4.0000
0.3476,3.5000
0.7529,3.5000
0.0921,4.0000
0.3763,2.5000
0.3210,2.5000
0.4902,4.0000
0.3639,3.0000
0.0868,4.0000
0.2407,4.0000
-0.4058,2.5000
-0.7484,2.0000
-0.5225,1.5000
-0.3914,2.0000
-0.0420,3.5000
0.1897,3.0000
-0.5475,2.0000
0.5804,3.5000
-0.6248,2.0000
0.5801,3.5000
0.7550,3.0000
-0.5220,2.5000
-0.8400,2.5000
-0.5939,2.0000
-0.7438,2.0000
-0.6548,2.5000
0.7542,4.0000
-0.7717,2.5000
-0.8787,2.0000
0.4376,3.0000
-0.8393,2.0000
0.5237,3.0000
0.3066,2.5000
-0.3626,1.0000
0.1646,3.5000
0.2034,2.0000
0.5525,3.0000
-0.5512,2.0000
-0.4728,3.5000
0.2272,3.0000
-0.7142,2.0000
-0.5256,2.5000
-0.4783,2.5000
-0.2897,2.0000
0.7548,3.5000
0.2761,3.0000
-0.6152,2.0000
0.4230,2.5000
-0.8240,2.5000
-0.0239,3.0000
-0.7898,1.5000
-0.8842,2.0000
-0.4290,2.0000
0.0445,3.0000
0.7618,3.5000
-0.5066,2.5000
0.1516,3.5000
-0.0159,3.5000
0.2761,3.5000
0.8592,3.0000
0.9372,4.5000
0.5063,3.5000
0.7974,4.0000
-0.3039,3.0000
0.6956,3.5000
0.9422,3.0000
0.4439,3.5000
0.9669,3.5000
0.5373,3.0000
-0.0727,2.5000
0.3043,3.5000
0.5390,3.5000
-0.2591,2.5000
-0.7237,2.5000
-0.4295,3.0000
0.2507,3.0000
-0.3366,3.0000
-0.0115,3.0000
0.3741,2.5000
0.8986,4.5000
0.5210,2.5000
0.8844,4.0000
-0.2668,2.5000
0.4741,3.0000
0.7669,4.0000
0.7687,4.0000
0.2498,2.5000
-0.1465,2.5000
0.6094,3.0000
0.9278,4.5000
0.3531,2.5000
0.9131,4.5000
0.8986,3.5000
-0.0882,2.5000
0.1859,2.5000
0.9711,4.5000
0.6679,3.5000
0.8266,3.5000
-0.0757,3.0000
0.9132,4.5000
0.9278,4.5000
0.8989,4.0000
0.2774,2.5000
0.7835,3.5000
0.2923,3.5000
0.5958,3.5000
0.5889,3.0000
-0.3294,3.5000
0.7406,3.5000
0.9135,4.0000
-0.1539,2.5000
0.8492,3.5000
0.1232,3.0000
0.4100,3.5000
0.9372,3.0000
-0.4227,2.5000
0.6533,3.5000
-0.2141,2.5000
0.8850,4.5000
0.6732,3.5000
0.8989,4.5000
-0.7438,3.5000
0.0660,3.0000
0.8986,3.5000
-0.6524,3.5000
0.7838,3.5000
0.8270,3.5000
0.2780,3.5000
0.0772,3.5000
-0.4478,3.0000
-0.4790,3.0000
0.5095,3.0000
-0.0704,3.0000
-0.0241,3.0000
0.2833,3.5000
0.2761,2.5000
0.9132,4.5000
0.4073,3.5000
-0.6745,2.5000
0.3193,3.5000
-0.2936,3.0000
0.5075,3.0000
0.0169,3.5000
-0.5012,3.5000
0.7689,4.5000
0.5704,3.5000
0.9003,2.5000
-0.1152,2.5000
0.1488,3.0000
0.3079,3.0000
0.2953,2.5000
0.9132,4.5000
-0.0469,2.5000
0.4586,4.0000
0.9254,4.0000
0.7740,4.0000
0.9283,3.5000
-0.3468,3.0000
0.9277,4.5000
0.9132,4.0000
0.9193,4.0000
-0.1502,2.0000
0.2486,3.0000
0.9422,4.5000
0.6070,3.0000
0.8701,3.5000
0.9727,4.0000
0.6536,4.5000
0.7401,2.5000
0.7540,3.0000
0.9646,3.0000
-0.4705,2.0000
0.3624,3.5000
0.7260,4.0000
0.5010,3.0000
0.5579,3.0000
-0.8334,2.0000
-0.0131,3.0000
0.1179,2.5000
0.4186,3.0000
0.9657,3.5000
1.0000,4.0000
0.8988,3.5000
-0.0044,2.5000
-0.2902,2.5000
0.8094,4.0000
0.0853,3.0000
0.7976,3.0000
0.2521,3.5000
0.4514,3.0000
-0.3925,2.0000
0.9711,5.0000
0.0755,3.5000
0.2766,3.5000
-0.2909,2.0000
0.8408,3.0000
-0.1436,3.5000
0.8327,3.5000
0.3064,2.5000
0.2342,4.0000
0.5520,4.0000
-0.3092,2.5000
0.9856,4.5000
1.0000,4.5000
0.0859,2.5000
0.9014,3.0000
-0.7232,2.5000
0.7542,3.5000
1.0000,4.0000
0.5469,4.5000
-0.3493,2.5000
-0.0326,3.0000
-0.4740,2.5000
-0.6514,2.0000
0.4218,3.5000
0.6392,3.5000
0.6095,4.0000
1.0000,3.5000
0.8555,4.5000
0.6004,3.0000
0.3942,4.0000
1.0000,4.5000
0.4783,4.0000
0.9132,4.5000
0.8057,3.5000
0.5300,3.5000
1.0000,4.5000
0.2195,3.5000
0.4959,3.0000
0.9712,4.0000
0.2703,3.0000
0.8554,3.5000
-0.2659,2.5000
-0.1766,3.0000
-0.1087,3.0000
0.7539,3.5000
0.8845,4.0000
0.7116,3.5000
0.7516,3.0000
0.9566,3.5000
0.1937,3.0000
0.9011,3.5000
0.0494,2.5000
-0.2778,3.0000
0.8845,3.0000
0.0587,2.5000
0.1774,3.5000
0.5393,2.5000
0.7976,3.5000
0.9132,4.5000
0.7159,2.5000
0.2742,3.0000
1.0000,4.5000
0.2523,2.5000
-0.1770,2.5000
-0.2348,2.5000
0.3074,3.0000
0.1438,3.0000
-0.3598,3.0000
1.0000,4.0000
0.9887,4.0000
0.7686,3.0000
0.9569,4.0000
0.3807,3.0000
0.4242,3.0000
0.1634,2.5000
0.6368,3.0000
0.8836,3.0000
0.9602,3.5000
0.6533,3.0000
0.8986,3.0000
-0.0780,3.0000
0.6199,3.0000
0.9854,3.0000
0.7983,4.5000
-0.3501,3.0000
0.6973,3.0000
0.8415,3.5000
0.6404,3.0000
0.7689,3.5000
0.5234,4.0000
0.4666,3.0000
0.7086,3.0000
0.9709,3.5000
0.3942,3.5000
0.4298,3.0000
0.1430,3.0000
-0.2029,3.5000
0.6921,2.5000
0.8390,3.0000
0.8990,3.0000
0.0060,3.0000
0.6253,3.5000
-0.5472,3.0000
-0.2427,3.0000
0.4047,3.5000
0.6487,3.0000
0.4933,2.5000
-0.6136,3.0000
0.9665,4.0000
0.3809,2.5000
0.8986,3.5000
0.6972,3.5000
0.9254,3.5000
0.7971,3.5000
0.8559,4.0000
0.3217,4.0000
0.5929,3.0000
-0.1454,2.5000
0.8262,4.0000
0.7753,3.5000
0.9566,4.5000
0.1325,3.0000
0.7821,4.0000
-0.5293,3.0000
0.1986,3.5000
0.9564,3.5000
0.7402,4.5000
0.2778,3.5000
0.7310,2.5000
0.7979,3.5000
0.7532,4.0000
0.6542,3.0000
0.7384,3.5000
-0.0418,2.5000
0.9130,3.5000
0.0747,3.5000
0.1757,3.5000
0.3541,3.0000
0.8403,4.0000
0.4197,3.0000
0.8408,4.0000
0.2124,3.5000
0.4492,3.0000
0.8986,4.5000
0.2687,3.5000
0.8844,4.5000
0.8259,4.0000
0.6450,3.5000
0.0015,3.5000
0.6803,4.0000
-0.3653,3.5000
0.7104,3.5000
-0.0429,3.5000
0.7095,3.0000
0.8659,3.5000
-0.7066,1.5000
0.8185,4.0000
0.6240,4.0000
0.4206,3.0000
0.5271,3.5000
0.0477,3.0000
0.5444,3.0000
0.7390,3.0000
0.3431,3.5000
0.6684,4.0000
0.8120,4.0000
0.7925,3.5000
0.9422,4.0000
0.3506,3.0000
0.0616,3.5000
0.8989,4.5000
0.9566,4.5000
0.0418,3.0000
-0.3724,3.0000
0.6491,3.5000
0.8270,4.0000
0.7238,3.5000
0.1168,2.5000
0.1627,4.0000
-0.5944,2.0000
0.1736,3.0000
0.4644,3.5000
0.1440,3.5000
0.8382,4.0000
0.4788,3.0000
0.4493,3.5000
0.7971,4.0000
0.9552,3.5000
0.8574,4.5000
0.6223,3.0000
-0.1704,2.0000
-0.1823,2.5000
-0.3431,2.0000
-0.1612,3.0000
0.0444,3.0000
-0.1753,3.0000
-0.0715,2.5000
-0.8115,2.0000
0.3369,2.0000
-0.0138,3.0000
0.2134,2.0000
-0.2883,2.5000
0.4186,3.0000
0.1156,2.5000
-0.4347,3.0000
-0.2588,2.5000
0.5799,3.5000
-0.3417,2.0000
0.4653,4.5000
-0.2310,2.5000
0.1726,3.0000
-0.1027,3.0000
0.8381,3.0000
-0.3769,2.0000
-0.1326,3.5000
0.3904,3.5000
-0.1837,2.5000
0.4829,3.0000
-0.2904,2.0000
0.4931,3.5000
0.3102,3.0000
-0.6385,1.0000
0.6518,3.5000
0.3895,3.0000
0.5526,3.0000
0.3000,3.5000
-0.2749,2.5000
-0.0749,3.0000
-0.0925,2.5000
-0.4203,2.5000
0.7108,3.5000
-0.3833,2.0000
0.0981,2.5000
0.7825,4.5000
0.2621,3.0000
-0.4148,2.0000
-0.1877,2.0000
0.0817,2.5000
0.6068,3.0000
0.3150,2.5000
-0.4101,3.0000
-0.6301,2.0000
0.6755,3.5000
0.5072,3.5000
0.3139,3.5000
-0.5620,2.5000
0.1674,2.5000
-0.3496,3.0000
-0.3297,3.0000
-0.2211,2.0000
-0.3290,3.0000
-0.4063,3.0000
-0.3200,2.0000
0.4105,3.5000
-0.2894,2.5000
0.1263,2.5000
0.4520,2.5000
0.8850,4.5000
-0.1778,2.0000
-0.1411,2.5000
0.4808,4.0000
0.8706,4.0000
-0.0887,2.0000
-0.3751,2.5000
0.9712,4.5000
0.0801,2.0000
0.9711,3.5000
0.7549,4.5000
0.0167,3.5000
-0.5167,1.5000
-0.2149,3.0000
-0.6746,2.5000
-0.5472,2.5000
-0.3917,3.0000
-0.4859,3.0000
0.0445,3.5000
-0.0742,3.5000
-0.1731,3.5000
0.6372,3.5000
0.6783,3.5000
-0.3418,2.5000
0.7090,3.0000
-0.0326,2.5000
-0.4524,3.0000
0.3317,2.5000
0.2734,3.5000
0.3184,3.5000
0.2457,3.0000
-0.2766,2.5000
0.4199,3.5000
-0.1544,3.0000
-0.2263,2.5000
0.2324,3.5000
-0.0204,2.5000
0.0467,3.0000
-0.4812,2.5000
-0.6093,3.0000
-0.5395,2.5000
-0.5930,2.5000
-0.3245,2.5000
-0.5786,2.5000
-0.6127,2.0000
-0.0734,3.5000
0.0983,3.0000
0.0012,3.0000
-0.0228,3.0000
0.4597,3.5000
0.6805,4.0000
-0.6330,3.0000
-0.3050,2.5000
0.6225,4.0000
0.0933,3.0000
-0.1179,2.5000
-0.3392,3.0000
-0.0628,3.0000
-0.2041,3.0000
-0.1771,3.0000
-0.0245,2.5000
-0.0315,4.0000
0.3097,3.0000
-0.4643,2.5000
0.5212,3.5000
-0.3887,2.5000
0.1723,3.5000
0.2277,3.0000
-0.2771,2.5000
-0.1021,3.0000
-0.2180,3.0000
0.2755,3.5000
-0.2325,2.5000
0.0401,2.5000
-0.2321,3.0000
-0.1545,3.5000
-0.0026,3.0000
0.1742,3.0000
-0.3194,3.0000
-0.0808,2.5000
0.3858,2.5000
0.2489,2.5000
0.0706,3.0000
0.4956,2.5000
0.8553,3.5000
-0.2859,2.5000
0.0346,3.5000
0.6089,2.0000
0.1263,3.0000
0.5244,3.5000
0.8408,3.5000
0.9131,2.5000
1.0000,2.5000
0.8699,3.5000
-0.6444,2.5000
-0.3428,3.0000
0.5454,3.0000
-0.1612,2.0000
0.5668,3.0000
-0.3213,3.0000
-0.4343,2.0000
0.7438,3.0000
0.2613,3.0000
0.5958,2.5000
0.2820,3.5000
0.2460,3.5000
0.6679,2.5000
-0.3072,2.5000
0.0723,2.5000
0.8134,3.0000
0.2782,3.0000
0.4315,3.5000
0.7237,2.5000
0.1532,3.5000
0.4678,3.5000
-0.1506,2.5000
0.8120,3.0000
0.1153,2.5000
-0.0243,2.5000
0.3197,2.5000
-0.1284,2.5000
0.3772,3.0000
0.6840,3.5000
-0.0607,3.5000
0.0315,2.0000
0.8557,4.0000
0.9326,3.0000
-0.0040,3.5000
0.2915,2.5000
0.6887,3.5000
0.1986,3.0000
0.2280,3.5000
-0.5087,2.0000
-0.5491,3.0000
0.6806,4.0000
0.3079,3.0000
0.7416,3.0000
0.7101,3.5000
0.8788,4.0000
-0.3897,2.5000
-0.0266,2.5000
0.3555,3.0000
0.6082,2.0000
0.9132,3.5000
0.6814,2.5000
0.9727,3.5000
0.4526,3.0000
0.5730,3.0000
-0.2919,2.5000
0.7537,3.0000
0.8031,3.0000
0.3043,3.5000
0.8408,4.0000
0.9132,3.5000
0.9854,4.0000
0.9192,2.5000
0.3186,2.5000
0.0588,3.0000
0.9131,3.0000
0.2604,3.0000
0.4764,2.5000
-0.2998,2.5000
0.5831,3.0000
0.6829,3.0000
0.5870,3.5000
-0.7588,2.5000
0.5366,3.0000
0.1165,2.5000
-0.3337,3.0000
0.7439,2.5000
-0.3793,2.0000
0.5514,2.5000
0.5655,3.0000
0.9420,4.5000
0.2748,3.5000
0.8843,3.5000
0.6159,3.5000
-0.6685,1.5000
-0.2768,3.0000
0.1747,2.5000
0.9887,4.5000
-0.4955,2.0000
0.1044,2.5000
0.9854,3.5000
0.6949,3.5000
0.2487,3.0000
0.9606,3.0000
-0.3717,3.0000
-0.3384,3.0000
0.4338,2.5000
0.9883,2.5000
0.7266,2.5000
0.3139,3.0000
1.0000,4.0000
0.1401,3.5000
0.9778,4.5000
0.9132,4.0000
0.4360,3.0000
-0.5960,2.0000
0.8289,4.0000
0.3461,2.5000
0.7205,4.0000
0.1585,3.5000
-0.6302,2.5000
0.1890,2.5000
-0.0891,3.0000
-0.2013,2.5000
0.5509,3.0000
0.9321,2.5000
0.7064,3.5000
-0.0969,3.5000
0.8412,3.5000
0.5772,3.0000
-0.3336,2.5000
0.2711,3.5000
0.9566,4.0000
0.9135,3.5000
0.7832,3.5000
0.9277,3.5000
0.8410,4.0000
-0.3912,2.5000
0.5385,3.0000
0.8554,3.5000
0.4567,3.5000
0.4299,2.5000
0.2810,3.5000
0.7212,3.5000
0.7695,3.0000
0.9418,3.0000
0.2768,3.5000
0.0575,3.0000
0.3508,2.5000
0.4747,3.5000
0.9279,3.0000
0.7499,3.5000
-0.6246,2.5000
0.8011,3.0000
0.7458,3.0000
0.1496,3.0000
-0.5687,2.5000
0.5219,2.5000
0.1472,2.5000
0.7021,3.0000
0.6688,4.5000
0.4202,3.0000
0.6268,3.0000
0.4917,3.0000
0.7687,3.5000
0.8842,3.5000
0.0464,3.0000
0.7364,3.5000
0.8126,4.0000
-0.4296,3.0000
0.7470,3.5000
0.9135,3.5000
0.1649,3.0000
0.7259,3.5000
0.6491,3.5000
0.7485,3.5000
0.9856,4.5000
0.4522,4.0000
0.0459,2.5000
0.1665,3.0000
0.6964,3.5000
-0.4883,3.0000
-0.7493,3.5000
-0.7512,3.0000
-0.0126,3.5000
-0.5854,3.0000
-0.0264,3.0000
0.7113,3.5000
-0.2933,3.0000
-0.8521,2.5000
-0.4983,2.0000
0.2936,2.5000
-0.7388,2.5000
0.0018,2.5000
0.8266,4.0000
0.0054,2.5000
0.2952,2.0000
0.7676,3.5000
-0.2897,2.5000
-0.6360,3.0000
-0.7173,2.5000
0.7690,3.5000
-0.4063,3.0000
-0.3336,2.5000
0.4933,2.5000
-0.2140,2.5000
-0.5667,2.5000
0.0314,3.0000
0.2696,3.0000
0.1015,3.0000
0.0725,3.0000
-0.5763,3.5000
0.7401,2.5000
0.4784,2.5000
-0.8400,2.5000
0.7542,4.0000
-0.2346,3.0000
0.1770,3.0000
0.4375,2.0000
0.3218,3.0000
0.6066,3.0000
-0.8670,2.0000
-0.7777,2.0000
0.0484,3.0000
-0.8498,2.5000
-0.8149,4.0000
-0.8654,3.0000
-0.4064,3.5000
-0.2182,2.0000
0.7547,4.0000
-0.7267,3.0000
-0.8131,3.0000
-0.4794,2.5000
-0.7447,2.0000
-0.2163,2.5000
-0.0878,3.0000
-0.7946,2.5000
-0.2003,3.5000
-0.4112,3.0000
-0.5757,2.5000
-0.7127,2.0000
0.2768,3.0000
0.1879,2.5000
0.7255,3.5000
-0.3266,3.0000
-0.6886,2.5000
-0.6169,2.5000
-0.1384,3.0000
-0.0285,3.0000
0.0551,3.0000
-0.6924,2.5000
-0.3864,3.0000
-0.8119,2.5000
0.8115,3.5000
0.3074,2.5000
0.8408,4.0000
0.5250,3.0000
-0.0718,2.5000
-0.6054,2.5000
-0.4931,2.5000
0.0446,3.5000
-0.6940,3.0000
-0.9766,2.5000
-0.8218,3.0000
-0.3660,2.0000
-0.7641,2.5000
-0.2750,2.0000
-0.8257,3.0000
-0.4991,3.0000
-0.7520,2.5000
-0.9455,2.0000
-0.9357,2.0000
0.3494,3.5000
-0.8825,2.5000
-0.8273,2.0000
0.0011,3.5000
-0.0857,3.5000
0.3759,2.5000
0.4271,3.0000
0.7239,3.5000
-0.4803,2.5000
-0.1063,2.5000
-0.2901,3.0000
0.1643,3.5000
0.4931,3.5000
0.9277,3.5000
0.9125,3.0000
-0.2494,3.0000
0.8249,4.0000
0.1384,3.5000
-0.0013,3.0000
0.8585,2.5000
0.2018,3.0000
0.8259,4.0000
0.6810,4.0000
0.5360,3.0000
-0.0719,2.5000
0.1058,3.0000
0.7384,4.0000
0.1025,3.0000
0.1130,3.0000
0.1688,4.0000
0.1416,3.0000
-0.5040,2.0000
0.2722,3.0000
0.8657,3.0000
0.6062,3.0000
0.8698,3.0000
0.5626,2.0000
0.5662,2.5000
0.9426,3.5000
0.2767,2.5000
0.5377,2.5000
-0.0839,3.0000
0.7692,2.5000
-0.2189,2.0000
0.2148,2.5000
0.6245,2.5000
0.5644,2.5000
0.9426,4.5000
0.3439,2.5000
0.8665,2.5000
0.5944,2.5000
-0.1852,3.0000
0.2625,2.5000
0.9665,4.5000
-0.4479,2.5000
0.2887,3.0000
1.0000,3.0000
0.0390,3.0000
0.8123,4.5000
1.0000,4.5000
0.3357,3.0000
-0.2416,2.5000
0.5341,3.5000
-0.0550,3.5000
-0.6374,3.0000
-0.7944,2.0000
0.9712,3.0000
0.2282,3.5000
0.0208,3.0000
0.9854,4.5000
-0.1124,2.0000
0.5427,3.0000
-0.4393,3.0000
0.5288,3.5000
0.2420,3.0000
0.3982,3.0000
0.7112,2.5000
0.6115,3.0000
0.9569,3.5000
-0.2114,3.0000
0.5678,3.0000
0.7406,4.0000
0.7550,3.0000
0.2245,3.0000
0.7355,4.5000
0.9711,4.5000
0.4042,3.0000
0.7692,4.0000
0.3738,3.5000
0.9131,3.5000
0.6590,3.5000
0.9118,3.0000
1.0000,4.5000
0.8416,4.5000
-0.2204,2.5000
0.8986,4.0000
-0.0404,3.5000
0.6027,4.0000
0.0587,2.5000
0.0705,2.5000
0.0312,3.0000
0.7363,3.0000
0.2408,3.0000
-0.2503,2.5000
0.7124,4.5000
0.5973,2.5000
0.0909,2.5000
0.5121,3.5000
0.8699,4.5000
0.4669,3.5000
0.4337,3.0000
0.2185,3.0000
0.1463,3.5000
0.7690,4.0000
-0.3477,2.5000
0.5007,2.5000
0.6833,3.0000
0.7073,3.5000
0.7780,3.0000
-0.6341,2.0000
-0.2911,2.5000
0.9132,3.5000
0.0331,3.5000
0.8699,4.0000
0.1485,3.0000
0.3657,3.0000
0.5103,3.5000
-0.1731,2.5000
0.6397,3.5000
0.7452,3.0000
0.4706,3.0000
0.8845,4.0000
0.8777,3.0000
0.8560,3.0000
0.6826,3.0000
0.4964,3.5000
0.7968,3.5000
0.0057,3.0000
0.1951,2.5000
0.8554,3.5000
0.2932,4.0000
0.8556,4.0000
0.6826,4.0000
0.0352,3.5000
0.2776,3.5000
0.6281,2.5000
0.1272,2.5000
0.4659,3.5000
0.3065,2.5000
1.0000,4.5000
0.8126,3.5000
-0.3186,3.0000
0.0109,3.5000
0.2478,3.0000
0.0055,2.5000
0.3275,3.0000
0.9649,3.0000
-0.0614,3.5000
0.4063,4.0000
0.2760,4.0000
0.9132,3.0000
0.9569,4.0000
0.9661,3.0000
0.7433,3.5000
0.8121,4.0000
0.7976,4.5000
0.5106,3.5000
0.7855,3.0000
0.3784,2.5000
1.0000,3.5000
0.3065,3.0000
0.7200,3.0000
0.3956,2.5000
0.9711,3.5000
0.8562,4.0000
0.0013,4.0000
0.7398,4.0000
-0.1173,2.5000
0.7542,4.0000
0.7879,3.5000
0.6538,3.5000
0.5547,3.0000
0.4832,3.0000
0.0607,2.5000
-0.3122,2.5000
-0.1935,1.5000
-0.4607,2.5000
-0.2626,3.5000
-0.4826,2.5000
0.7530,3.0000
0.8408,4.5000
-0.2292,2.5000
-0.5261,3.0000
-0.8692,2.0000
0.6374,3.0000
-0.2515,2.0000
0.7968,4.0000
0.7237,3.5000
-0.5452,2.5000
0.7670,3.0000
-0.3341,2.0000
0.3054,3.5000
0.5634,3.5000
0.3318,4.0000
0.5647,3.5000
-0.6027,2.0000
0.7529,4.0000
-0.2176,3.0000
0.3612,2.5000
-0.2643,3.0000
-0.5781,2.0000
-0.4024,2.0000
0.8842,3.5000
-0.8421,2.5000
0.7526,4.5000
-0.0305,3.0000
-0.5511,1.5000
-0.7750,2.0000
0.2001,3.0000
-0.4249,2.0000
0.0122,3.0000
-0.7200,2.0000
0.0013,2.5000
0.1426,3.0000
0.3545,3.0000
0.4318,2.0000
0.3038,2.5000
-0.5241,2.5000
0.2978,2.5000
0.8313,2.5000
0.3674,3.0000
0.6383,3.5000
0.2319,3.0000
0.7012,3.0000
-0.4266,2.5000
0.8986,4.0000
0.1500,3.0000
0.1786,3.0000
-0.1319,2.5000
0.7540,3.5000
-0.2109,2.5000
-0.1864,3.0000
0.5672,3.5000
0.7222,3.5000
0.3325,2.5000
-0.1583,2.0000
0.8406,3.5000
0.6808,3.5000
0.1299,3.5000
-0.4650,2.5000
-0.3747,2.5000
0.1569,2.5000
0.5488,2.0000
-0.2178,1.5000
0.4191,3.0000
0.1892,3.0000
0.7545,3.0000
0.4662,3.0000
0.3092,4.0000
0.2478,2.5000
0.6899,3.5000
0.6212,3.5000
-0.1917,1.5000
0.2950,3.0000
0.0556,2.5000
-0.7098,2.5000
-0.0426,3.0000
0.2041,4.0000
0.1053,2.5000
-0.3271,2.5000
0.6120,3.0000
0.4974,3.0000
0.5721,2.5000
-0.1537,2.0000
0.3461,3.0000
0.0366,2.5000
0.6245,3.5000
0.2896,3.0000
0.4735,3.0000
0.2411,2.5000
0.5649,2.5000
0.1459,3.0000
-0.2760,2.0000
-0.0634,3.0000
0.2229,3.5000
-0.0804,2.5000
0.2837,3.0000
-0.1604,2.0000
0.6573,1.5000
0.0319,2.5000
-0.1681,2.0000
0.0123,2.0000
0.3055,2.0000
0.4185,3.0000
0.4216,1.5000
0.3482,2.0000
-0.2755,3.0000
0.5943,2.5000
0.0903,3.0000
0.5489,2.5000
-0.2308,2.0000
-0.8105,2.0000
-0.0364,2.0000
-0.3985,3.0000
0.0486,2.0000
-0.0444,3.0000
-0.7767,2.5000
-0.1983,3.0000
-0.7415,3.0000
-0.9025,2.0000
-0.3156,2.0000
-0.3335,2.5000
-0.0009,2.0000
-0.4024,2.5000
-0.5356,3.0000
-0.1563,2.0000
-0.1149,2.0000
-0.2250,2.0000
-0.3014,2.0000
-0.8348,2.0000
-0.8826,2.0000
-0.5819,2.5000
-0.4267,2.5000
-0.8295,2.0000
0.5642,2.5000
0.1288,2.0000
-0.0903,2.0000
-0.8378,3.0000
-0.6632,2.5000
-0.2926,2.0000
0.0763,2.5000
-0.3809,2.0000
-0.9085,2.5000
-0.7016,2.0000
-0.8267,2.0000
-1.0000,2.5000
-0.1135,2.0000
-0.6132,2.5000
0.1031,2.0000
-0.8007,3.0000
-0.2170,2.0000
-0.1371,3.0000
-0.6379,2.5000
-0.6896,2.5000
0.0424,3.0000
-0.8182,2.0000
0.8987,3.0000
0.2833,4.0000
0.8842,4.0000
-0.0616,3.0000
0.9949,4.5000
0.2022,3.5000
0.4759,3.5000
0.4506,3.5000
0.8667,3.5000
0.7432,3.5000
-0.3285,2.5000
0.7006,3.0000
0.1560,3.0000
0.3604,3.5000
0.1705,3.0000
0.4694,2.5000
0.9375,4.0000
-0.7366,3.0000
0.0729,3.0000
0.9237,3.5000
0.5836,3.0000
0.9503,4.5000
-0.0712,2.0000
0.8698,3.5000
0.5523,4.0000
0.7250,3.5000
0.5134,3.5000
0.4192,2.5000
0.3203,3.0000
0.9065,3.5000
0.6315,3.0000
-0.1947,2.5000
-0.0010,2.5000
0.6746,4.0000
0.7140,2.0000
0.2864,3.5000
0.3587,3.0000
0.3615,2.5000
0.9707,4.5000
0.9898,4.0000
0.7870,4.5000
0.9793,4.5000
0.1214,2.5000
0.6455,3.0000
0.6529,3.0000
0.5778,2.5000
0.2811,3.5000
0.5202,3.5000
0.2210,3.0000
0.2413,2.5000
0.3894,3.0000
-0.2078,3.5000
0.8025,3.5000
0.4137,3.5000
0.6603,4.0000
0.6161,4.0000
0.7478,3.5000
-0.1453,2.0000
0.2642,3.5000
0.7314,3.5000
0.7605,3.5000
-0.3463,3.0000
0.6147,3.0000
0.5754,3.5000
0.1761,3.0000
0.4189,3.0000
-0.4365,2.5000
0.9281,4.0000
-0.4958,3.0000
0.9340,4.0000
0.7917,3.5000
0.4905,2.5000
0.3532,2.5000
-0.1426,2.5000
0.0821,2.5000
0.1907,2.5000
-0.6311,2.0000
0.0422,2.5000
0.7033,4.5000
0.5533,2.5000
0.6322,3.5000
-0.3381,2.5000
0.2543,2.5000
0.2605,2.5000
-0.3672,2.0000
-0.0081,2.5000
0.5708,3.0000
0.0778,3.0000
0.8745,2.5000
0.8311,3.0000
0.7479,2.5000
0.6283,3.5000
0.0382,2.5000
0.5348,3.5000
0.4031,2.5000
0.4989,2.5000
0.3071,3.5000
0.1678,3.5000
0.4304,2.0000
0.9734,3.5000
0.5457,3.0000
0.8569,3.5000
0.3502,3.0000
-0.5067,2.0000
0.4889,3.0000
-1.0000,4.0000
0.4209,3.5000
0.2573,3.5000
-0.0721,3.0000
-0.0953,3.5000
0.4123,3.5000
-0.2962,3.0000
-0.3818,2.0000
0.2057,3.0000
0.5727,3.5000
0.7202,3.5000
0.9477,3.5000
0.0929,2.5000
0.4944,3.5000
0.0217,2.5000
-0.1067,2.5000
0.2077,2.0000
0.0882,2.5000
-0.2720,3.0000
0.1108,2.0000
0.5943,3.0000
0.4327,3.5000
0.0621,2.0000
0.6755,4.0000
0.2053,2.0000
0.0734,3.0000
-0.1902,2.0000
-0.5717,3.0000
0.5724,3.5000
0.6333,2.5000
0.8104,3.0000
0.2147,3.0000
-0.6387,3.0000
0.0704,2.0000
0.3970,3.0000
0.3350,3.5000
-0.1589,2.5000
0.6645,3.0000
0.5158,3.0000
0.5138,3.5000
-0.3344,2.0000
0.0907,2.5000
-0.7332,3.5000
-0.0462,3.0000
0.8212,3.0000
0.7615,2.0000
0.2135,2.5000
0.2484,2.5000
-0.5284,2.0000
0.2012,3.0000
0.7239,3.5000
-0.3160,2.5000
-0.6259,2.0000
-0.1853,2.5000
-0.2174,3.0000
-0.0477,2.0000
0.0058,3.5000
-0.5394,2.5000
-0.4287,2.5000
-0.8060,2.0000
0.2549,3.5000
-0.3147,2.0000
-0.4496,2.0000
0.2440,2.5000
0.0670,3.5000
-0.6704,3.0000
-0.4262,2.5000
1.0000,3.0000
0.0886,3.5000
-0.3053,2.5000
-0.2634,2.5000
-0.7162,3.0000
-0.3589,1.5000
-0.5851,2.0000
-0.8141,2.0000
0.2841,2.5000
-0.7824,2.0000
-0.3496,3.0000
-0.4913,1.5000
-0.2457,2.0000
0.9123,4.0000
-0.6535,2.5000
-0.5649,3.0000
0.7416,3.5000
0.0250,2.5000
0.0861,3.0000
-0.6030,2.0000
-0.2984,2.5000
0.9298,4.0000
-0.0775,3.0000
0.6791,3.0000
0.7868,3.0000
0.4708,3.0000
0.3802,4.0000
0.1342,3.5000
0.8405,4.0000
0.7305,3.5000
0.4998,4.5000
0.5293,3.5000
-0.1360,2.5000
0.8950,5.0000
0.8029,4.0000
0.6356,3.5000
0.7634,4.0000
0.9119,4.0000
0.6724,4.0000
0.1376,3.5000
0.9516,3.5000
0.7460,3.5000
-0.2605,2.0000
-0.6824,2.0000
0.3366,2.5000
0.5970,2.5000
0.2657,3.5000
0.1203,3.5000
0.8102,3.5000
-0.2262,1.5000
0.4207,4.5000
0.5902,3.5000
-0.1739,2.5000
0.4014,4.0000
0.8397,3.0000
-0.0619,3.5000
0.0102,2.0000
0.8940,2.5000
0.6014,3.5000
0.2706,3.5000
0.4045,3.5000
0.4977,3.5000
0.6771,3.0000
0.7681,3.5000
0.9452,3.5000
0.1826,2.5000
0.4510,3.0000
0.0801,3.5000
0.4658,3.0000
-0.3457,4.0000
-0.4189,2.5000
0.0497,4.0000
0.6832,3.5000
0.8867,3.5000
0.2076,3.5000
0.2948,3.5000
0.4382,3.5000
0.5569,2.5000
0.3873,3.5000
0.7554,4.0000
0.8992,4.0000
0.3664,3.0000
0.5335,3.5000
0.7134,4.0000
0.3301,3.5000
0.5800,3.5000
0.9119,3.5000
0.2791,3.5000
0.7711,3.0000
0.2505,4.0000
0.4579,3.0000
0.8113,4.0000
0.4815,4.0000
0.8282,4.5000
0.0499,3.0000
0.8587,4.5000
-0.0904,3.0000
-0.0849,3.0000
-0.3398,2.0000
0.5231,2.5000
-0.1365,2.5000
0.8246,4.0000
0.4647,4.0000
-0.6388,4.5000
0.6064,3.5000
0.2148,3.5000
0.2033,3.5000
0.5282,3.0000
0.0202,2.5000
0.3679,2.0000
0.0218,3.0000
0.7152,3.0000
0.2664,2.5000
0.5135,2.5000
0.3498,3.0000
-0.3527,2.5000
-0.1297,2.5000
0.3822,3.5000
0.2983,3.0000
0.3528,2.5000
0.5220,4.0000
0.5379,2.5000
0.1976,3.5000
-0.2886,3.0000
-0.8920,3.0000
-0.3125,2.0000
-0.4039,3.0000
-0.1396,3.3333
-0.1368,1.6667
-0.1111,2.0000
0.4908,3.0000
-0.3562,2.0000
-0.6643,2.3333
0.9122,4.0000
-0.0652,2.6667
-0.0217,1.6667
-0.2774,2.6667
-0.6247,3.0000
-0.3796,2.6667
-0.1638,2.3333
-0.4473,3.3333
-0.1964,2.3333
-0.1056,2.6667
-0.6701,2.0000
-0.6000,1.6667
0.8521,4.3333
-0.4016,2.3333
-0.0430,2.3333
-0.2145,2.6667
-0.2901,2.3333
0.5022,2.6667
-0.5455,2.3333
-0.6122,2.0000
0.0161,1.6667
-0.4538,2.0000
-0.0524,1.6667
-0.2807,2.6667
-0.1908,1.3333
-0.0860,3.3333
-0.4566,1.6667
0.5446,1.6667
-0.4650,2.6667
-0.4379,1.6667
-0.6740,2.0000
0.1564,3.6667
-0.2766,1.6667
-0.5283,3.0000
-0.6113,1.0000
-0.5931,3.6667
-0.5187,1.6667
0.5306,3.0000
-0.4432,3.0000
-0.5173,2.3333
-0.6052,3.0000
-0.4624,2.3333
0.9793,4.3333
0.1348,2.3333
-0.8456,1.3333
-0.5840,1.3333
0.1066,2.6667
0.2089,3.0000
-0.0963,3.3333
-0.5501,2.3333
0.8468,4.0000
-0.0514,2.0000
0.5272,3.3333
-0.0251,3.0000
0.2893,3.0000
0.3364,2.5000
0.4677,4.0000
-0.2996,2.5000
0.7877,3.0000
0.5585,2.0000
0.7016,3.0000
0.4624,2.5000
0.0032,2.0000
-0.0566,2.5000
0.9848,4.5000
-0.8188,2.0000
0.8806,3.5000
0.2646,2.5000
0.2907,3.5000
0.4870,3.5000
-0.1308,2.5000
0.8618,3.5000
0.8791,4.5000
-0.1752,2.0000
-0.1561,3.0000
0.9793,4.5000
0.8991,2.5000
0.9916,4.0000
0.9891,4.0000
0.6141,3.0000
0.2286,3.0000
-0.6104,2.5000
0.0912,2.0000
0.8564,3.5000
-0.6263,3.0000
0.3791,3.5000
0.5519,3.5000
0.1724,2.5000
0.1491,2.5000
-0.4478,1.5000
0.0691,2.0000
-0.7739,1.5000
-0.6703,3.0000
-0.3519,1.5000
-0.1832,3.0000
0.5341,3.0000
-0.7194,1.5000
-0.1175,1.5000
-0.2536,2.0000
-0.2692,2.0000
-0.4989,2.5000
-0.5750,1.5000
-0.4507,3.0000
0.0958,2.5000
-0.5198,3.0000
0.2335,2.0000
-0.4697,2.5000
-0.4128,2.5000
-0.5910,2.0000
0.0113,3.0000
-0.8303,3.0000
-0.1164,2.0000
-0.5356,2.0000
-0.6846,2.0000
-0.5472,1.5000
-0.2734,1.0000
-0.3160,2.0000
-0.5634,1.5000
-0.3757,2.5000
0.2748,2.0000
0.2206,2.5000
-0.4463,3.0000
-0.7677,2.0000
-0.0270,1.5000
-0.3400,2.0000
-0.5415,2.3333
-0.1457,2.0000
0.4327,3.0000
0.9251,3.0000
0.0927,2.6667
-0.2494,2.3333
-0.4215,3.0000
0.1776,3.0000
0.7815,3.3333
0.8317,2.6667
0.4026,2.6667
0.2664,2.0000
0.7764,4.0000
0.1948,2.0000
-0.0945,3.0000
0.7267,2.6667
-0.5403,2.3333
0.9688,3.0000
0.8130,2.3333
1.0000,3.3333
0.7978,3.3333
0.3582,3.3333
-0.2290,2.6667
-0.5734,2.3333
0.3671,3.0000
0.2837,4.0000
0.7578,3.6667
0.0368,2.6667
0.3050,3.0000
0.3416,2.6667
0.0252,2.0000
-0.4122,2.0000
-0.4505,2.0000
0.5827,3.0000
-0.5783,2.3333
0.4003,3.6667
0.9387,4.3333
0.1005,3.0000
0.8690,3.3333
-0.0002,1.6667
0.9945,3.6667
0.1878,2.6667
0.7502,3.0000
-0.0356,2.0000
0.0626,2.3333
-0.0489,2.6667
-0.5056,3.0000
-0.1898,2.3333
-0.0092,3.0000
0.9848,3.6667
0.6483,3.0000
0.0478,3.3333
-0.6217,2.0000
1.0000,4.6667
-0.3109,2.6667
0.6453,3.3333
-0.0907,2.6667
0.9071,4.3333
-0.1240,2.6667
-0.1228,2.0000
0.1330,2.6667
0.6626,3.3333
-0.2562,2.3333
0.3415,3.3333
-0.1223,3.0000
0.3978,2.6667
-0.4833,2.6667
0.8046,2.3333
0.0480,3.3333
-0.2937,1.6667
0.5125,3.0000
0.6307,3.3333
-0.2730,2.3333
1.0000,4.3333
-0.4251,2.3333
0.8421,3.6667
-0.2746,2.3333
0.7026,3.0000
-0.1796,2.5000
0.2836,2.5000
0.2587,3.5000
0.8977,4.0000
-0.3507,3.5000
-0.2781,2.5000
0.4293,2.0000
0.5945,3.0000
0.8559,4.5000
-0.0208,2.0000
0.2708,2.5000
-0.3662,2.0000
-0.3366,4.0000
0.5362,2.0000
-0.7213,2.5000
0.8819,3.0000
0.2827,3.0000
0.6553,2.5000
0.2057,3.0000
0.2745,3.0000
0.8358,3.0000
0.6704,3.0000
-0.2128,2.5000
-0.1045,2.0000
0.5347,3.0000
0.2458,2.5000
0.8121,3.5000
-0.0621,3.5000
-0.3930,3.0000
0.6312,3.0000
0.0943,2.0000
0.2135,2.5000
-0.0267,2.5000
-0.8063,2.5000
0.7324,4.0000
-0.0717,3.0000
-0.4417,3.0000
0.0381,2.5000
-0.5699,3.0000
0.8809,3.5000
0.2146,2.5000
0.7658,4.0000
0.3988,3.0000
0.9524,3.5000
0.9633,3.5000
-0.4983,2.5000
-0.3953,3.0000
-0.2724,2.0000
0.2128,2.5000
0.1316,2.5000
-0.5013,2.5000
-0.5525,3.0000
0.2416,2.5000
-0.3777,2.5000
0.6988,4.5000
-0.4542,3.5000
0.2430,2.5000
0.6366,3.5000
0.0774,3.0000
-0.0536,3.0000
-0.1355,3.0000
-0.6706,2.5000
-0.2095,3.5000
0.6542,3.5000
-0.5040,2.0000
-0.2240,2.0000
-0.0425,2.5000
0.8711,3.5000
-0.5023,3.0000
0.1982,2.5000
0.9468,4.0000
0.7952,3.0000
-0.2573,2.5000
0.9331,4.0000
0.0309,3.0000
0.9503,3.5000
0.8618,4.0000
0.3020,3.5000
0.7685,4.0000
0.4773,2.5000
0.5457,2.5000
0.0456,2.5000
0.8479,4.0000
0.3546,3.0000
0.9585,4.5000
0.0845,2.0000
0.9169,3.0000
0.2948,3.0000
-0.2212,2.0000
-0.4646,2.5000
0.9016,3.5000
0.6048,3.5000
0.9070,5.0000
-0.0563,3.0000
1.0000,5.0000
0.5540,3.5000
0.8612,3.5000
0.8986,4.0000
0.8012,3.0000
0.8973,4.0000
0.5352,5.0000
0.1866,3.5000
-0.8331,2.0000
-0.8838,2.0000
-0.6150,3.5000
-0.5168,2.0000
-0.5429,2.0000
-0.5622,3.0000
-0.8265,2.5000
-0.6392,2.5000
-0.5035,3.0000
-0.3609,3.0000
-0.8741,2.0000
-0.6968,3.0000
-0.5855,2.0000
-0.7562,2.0000
-0.3880,2.0000
-0.8862,2.5000
-0.6235,2.0000
-0.3037,3.0000
-0.6775,2.0000
-0.3946,2.0000
-0.8582,2.0000
-0.5911,2.0000
-0.2292,3.0000
-0.1818,3.0000
-0.6765,3.0000
-0.9345,2.0000
-0.8675,2.5000
-0.1672,2.0000
-0.0449,2.5000
-0.9067,2.0000
-0.6645,1.5000
-0.1126,3.5000
-0.6294,2.0000
-0.2458,3.0000
0.0784,1.6667
0.8506,4.3333
0.7845,3.6667
-0.4144,2.6667
0.5885,3.3333
0.7326,2.6667
-0.3330,2.3333
-0.2074,2.6667
0.8506,4.3333
0.6482,2.3333
0.2929,2.0000
-0.2347,2.6667
0.0629,2.6667
0.2791,3.6667
0.2115,3.0000
-0.3737,2.0000
0.2477,2.3333
0.3212,2.6667
-0.4790,2.6667
0.6293,2.6667
-0.6733,1.3333
0.8625,3.6667
0.8525,4.0000
-0.1273,2.6667
0.0954,2.0000
-0.0752,2.0000
0.8136,4.0000
0.1725,3.3333
0.3928,2.6667
-0.4519,2.0000
-0.1809,1.6667
-0.5268,1.3333
-0.0116,3.0000
-0.2769,3.0000
-0.2356,2.6667
0.3787,3.0000
-0.0878,2.0000
-0.0587,2.3333
-0.6262,1.6667
0.2701,2.3333
-0.2066,2.3333
-0.0227,2.6667
0.1055,2.0000
0.9269,4.0000
0.1844,3.0000
-0.4320,1.6667
0.1229,3.3333
-0.2106,2.3333
-0.1553,2.6667
-0.1721,2.3333
-0.6274,1.6667
0.8760,4.0000
-0.2595,2.3333
-0.3626,2.6667
-0.5719,2.3333
0.0863,2.3333
0.0848,1.6667
0.9342,3.3333
0.1918,2.6667
0.5708,3.6667
0.3307,3.0000
0.1424,2.0000
0.2654,3.3333
-0.2344,2.6667
0.1298,3.0000
0.6240,3.3333
0.4719,2.6667
-0.7002,2.0000
-0.2881,2.0000
0.4388,3.0000
0.7000,3.6667
0.1241,2.3333
-0.2986,2.3333
0.5490,1.6667
0.1440,2.0000
-0.6241,1.6667
0.8681,4.0000
0.5730,3.0000
0.7110,3.5000
0.3328,2.5000
0.1363,3.5000
0.4165,3.5000
-0.3398,2.5000
0.8832,4.0000
0.0686,4.0000
0.1274,2.5000
0.5123,3.0000
0.5889,3.0000
-0.4338,2.5000
-0.1263,2.5000
0.3776,4.0000
0.9361,4.5000
-0.0236,3.0000
0.0415,4.0000
-0.4433,3.0000
0.8660,3.5000
-0.0557,3.0000
0.4108,2.5000
0.8132,3.0000
-0.2057,3.5000
0.8746,4.5000
0.0565,2.5000
0.1214,3.5000
-0.1248,2.0000
0.9464,4.5000
0.2888,4.0000
-0.0219,4.0000
-0.3565,2.0000
0.3302,4.0000
-0.4677,3.0000
-0.4124,2.5000
0.8950,3.0000
-0.2686,2.5000
0.8977,3.0000
0.6846,3.5000
0.1856,3.0000
0.6762,3.5000
0.9389,3.5000
0.3996,3.0000
-0.2167,3.0000
-0.0441,2.5000
0.1500,2.5000
-0.2660,3.0000
0.4557,4.0000
-0.5247,2.0000
-0.1585,2.5000
0.1359,2.5000
0.2194,3.5000
0.4212,3.5000
0.7012,3.0000
-0.0301,2.5000
0.8677,3.5000
-0.7006,2.5000
0.0482,3.5000
0.3222,2.0000
0.0699,2.0000
0.9102,3.5000
0.3655,3.0000
0.2752,2.0000
0.2905,3.0000
0.4030,3.0000
0.5218,3.0000
0.9898,4.5000
0.6691,3.5000
-0.3709,2.0000
0.2648,3.0000
0.6593,4.0000
0.5582,2.0000
0.0636,3.0000
0.4583,3.0000
-0.2960,2.0000
0.8191,4.0000
0.6791,2.5000
0.4829,3.5000
-0.9065,3.5000
0.7263,2.0000
0.2005,2.0000
0.8537,3.0000
0.8883,4.0000
0.4975,3.0000
-0.3248,3.5000
0.5229,2.5000
0.9076,3.5000
0.6106,3.0000
-1.0000,2.5000
0.8627,3.0000
-0.1209,2.0000
0.9324,3.5000
0.4351,2.0000
0.8425,2.5000
0.8912,3.0000
-0.0778,2.0000
0.8416,3.5000
0.4632,3.0000
0.1179,2.5000
-0.4155,3.0000
-0.1573,2.0000
0.2979,3.5000
0.3763,2.5000
0.4581,2.0000
0.5725,2.0000
0.0323,3.0000
0.0697,3.0000
0.1082,3.0000
0.1457,3.0000
0.6216,2.5000
0.3118,3.0000
0.2841,3.0000
0.9290,3.0000
-0.1001,3.0000
0.8883,3.5000
0.1650,3.5000
0.1665,2.5000
0.4415,2.5000
0.4262,2.5000
0.2249,3.0000
0.0331,2.5000
0.5675,3.5000
0.8113,3.0000
0.1876,2.5000
0.4816,3.5000
0.9076,3.5000
0.7371,3.5000
-0.3284,2.0000
0.1680,3.0000
0.1788,3.0000
0.7398,2.5000
0.7041,3.0000
0.9663,3.0000
0.9918,3.5000
0.9016,3.0000
-0.2535,2.5000
0.2585,2.5000
-0.1187,3.0000
0.5912,3.5000
0.9295,2.5000
0.9290,4.5000
0.0827,4.0000
0.8017,3.5000
0.7361,3.0000
0.7004,3.5000
0.5785,2.5000
0.6745,3.5000
0.6847,2.5000
0.5507,3.5000
0.7689,3.0000
0.9296,4.0000
0.4382,3.0000
0.8145,4.0000
0.4670,3.0000
1.0000,3.5000
0.9129,2.5000
0.9898,4.0000
0.3174,3.0000
0.8698,3.5000
-0.7185,1.5000
-0.6841,2.0000
0.2388,3.0000
0.0359,2.0000
-0.0119,1.5000
-0.2018,3.0000
-0.3820,1.5000
-0.7360,3.5000
-0.4069,2.0000
-0.3469,3.0000
-0.6274,1.5000
0.0899,3.0000
0.0584,3.0000
0.4847,2.5000
0.9876,3.5000
-0.1105,2.0000
-0.2719,1.5000
0.9191,3.5000
0.2154,2.0000
-0.3024,1.5000
0.1272,2.0000
-0.4350,2.5000
-0.3454,1.5000
0.3676,3.0000
0.5693,2.0000
-0.2868,1.5000
-0.3798,2.0000
-0.2999,2.0000
0.1175,1.5000
0.1255,2.5000
-0.2447,2.5000
-0.2939,2.0000
0.4935,3.0000
-0.1385,3.0000
-0.0383,2.0000
-0.7966,2.0000
0.1043,2.0000
0.1907,2.0000
-0.3733,2.5000
-0.3929,2.0000
0.0904,2.0000
-0.0113,2.5000
-0.2964,2.0000
0.5632,3.5000
0.2234,2.5000
0.4000,3.0000
0.3389,2.5000
-0.0013,3.0000
0.4004,3.5000
0.1400,2.5000
-0.1436,2.0000
0.1842,2.0000
-0.1862,2.0000
-0.4133,1.5000
-0.4787,3.0000
0.8042,3.5000
0.4843,3.5000
0.8852,3.0000
-0.1651,2.0000
0.1421,2.0000
0.7203,2.0000
-0.4508,2.5000
0.2374,3.0000
-0.3477,2.0000
-0.7278,1.5000
0.2856,2.0000
0.0757,3.0000
-0.1458,3.5000
0.5802,3.0000
0.3543,2.5000
0.1063,2.5000
0.1457,3.5000
0.1916,3.0000
-0.8673,2.0000
0.9672,4.5000
-0.2338,3.5000
0.1559,2.0000
0.7247,3.0000
-0.1316,1.5000
0.4943,3.0000
0.1734,3.5000
0.3762,3.0000
0.0725,1.5000
0.6588,2.0000
-0.5791,1.5000
0.4058,3.0000
0.6044,2.5000
0.8176,4.0000
0.1999,3.0000
0.4277,3.0000
0.1122,2.0000
0.6079,2.0000
0.8951,3.5000
0.2240,2.5000
0.6090,3.0000
0.4351,3.0000
0.5385,4.0000
0.2376,3.0000
-0.2401,2.0000
0.7488,3.0000
0.6846,2.0000
-0.0500,2.0000
0.4127,3.0000
0.1077,3.0000
0.8541,3.5000
0.2996,3.0000
0.0866,3.5000
-0.4313,1.5000
0.5554,2.5000
-0.2909,2.5000
-0.1107,3.5000
0.6536,3.0000
0.7935,3.5000
0.3153,2.0000
0.5596,3.5000
0.4372,3.0000
0.4118,1.5000
0.9361,4.0000
0.5915,3.0000
0.4268,2.5000
0.8489,3.5000
-0.1282,2.5000
0.5831,3.5000
0.3651,3.0000
0.0160,1.5000
0.2709,2.5000
0.3963,3.0000
0.1378,3.0000
0.8549,2.5000
-0.3634,3.5000
0.7813,3.0000
-0.1742,2.6667
0.6351,2.6667
0.5460,3.3333
0.9274,3.0000
0.5295,3.0000
0.8455,4.0000
0.8825,3.6667
0.4210,3.6667
0.5211,2.6667
0.9958,4.6667
0.5554,2.6667
0.8048,4.0000
0.4628,2.6667
0.5851,3.3333
0.5297,2.6667
0.9325,3.6667
0.2250,2.3333
0.6070,3.6667
0.3935,2.6667
1.0000,4.0000
0.0993,2.6667
0.9250,3.3333
0.7278,3.3333
0.7576,3.0000
-0.2089,2.3333
0.8252,4.0000
0.8871,4.0000
0.9543,4.3333
0.6943,2.6667
0.4421,3.0000
0.4144,2.5000
-0.6426,2.0000
0.3943,3.0000
0.9637,3.5000
0.2796,4.0000
-0.4839,2.0000
-0.5197,2.0000
0.8613,3.5000
0.4261,3.5000
-0.4132,2.0000
-0.3423,2.0000
0.8870,3.5000
-0.7634,1.5000
-0.0088,1.5000
0.4453,3.0000
0.7017,3.5000
-0.2713,4.5000
0.4242,2.5000
0.5569,3.5000
-0.0587,2.0000
0.1940,4.0000
0.2227,2.0000
-0.5965,1.5000
0.2624,2.5000
0.3602,2.5000
0.6740,3.0000
0.7709,3.5000
0.8710,3.5000
0.4054,2.5000
0.9637,4.5000
-0.2643,2.5000
-0.3730,2.5000
-0.5965,1.5000
0.8951,4.0000
-0.4012,5.0000
-0.7325,2.0000
0.8983,4.0000
-0.7063,1.5000
0.8944,3.5000
0.9672,3.5000
0.4562,3.0000
0.9588,4.0000
0.9013,4.0000
-0.4830,2.0000
0.7803,2.5000
-0.1275,3.0000
-0.3203,2.5000
-0.4512,2.0000
0.8229,2.5000
0.8401,3.0000
0.3082,2.5000
-0.3819,2.0000
0.4253,3.5000
0.6584,3.5000
-1.0000,1.5000
-0.5816,1.5000
0.3446,2.5000
-0.4379,2.0000
0.7984,3.0000
-0.0841,2.0000
0.1845,2.0000
0.1900,2.5000
0.9630,3.5000
0.2434,2.5000
0.5585,3.0000
0.0294,3.5000
0.2366,3.5000
-0.4718,1.5000
-0.0872,2.0000
-0.0761,2.5000
-0.0281,2.0000
-0.3320,2.5000
-0.4455,2.0000
-0.6127,2.0000
0.6299,2.0000
-0.3569,2.0000
-0.2504,2.5000
-0.0794,2.5000
0.2382,2.5000
-0.4227,3.0000
-0.3803,2.5000
0.7205,3.5000
0.9898,4.5000
-0.0862,1.0000
-0.6782,1.5000
-0.0404,4.5000
0.6334,2.5000
0.9599,4.5000
0.8740,3.0000
-0.2650,2.0000
0.2806,3.0000
0.0174,2.0000
0.9960,3.5000
0.2231,2.5000
0.8749,3.5000
0.9586,4.0000
-0.4359,2.5000
-0.5144,1.5000
-0.3002,2.5000
-0.2991,1.5000
0.7105,3.5000
0.0327,2.5000
-0.6087,2.5000
0.1041,2.5000
-0.3496,2.0000
0.1327,3.0000
-0.0972,2.0000
0.1339,2.5000
0.7603,3.5000
-0.1594,3.0000
0.8446,3.0000
0.6023,4.0000
0.3707,3.0000
0.5177,3.0000
0.3237,2.5000
-0.4946,1.5000
-0.2937,2.5000
-0.6162,1.5000
0.9207,2.5000
0.4913,2.5000
1.0000,4.5000
-0.5878,2.5000
0.5230,2.5000
-0.4812,2.5000
-0.3002,2.0000
0.1665,3.0000
-0.6777,2.5000
0.1938,3.0000
-1.0000,2.5000
-0.5920,2.5000
-0.4493,2.5000
-0.4276,2.0000
-0.5546,1.5000
-0.7892,2.5000
-0.4118,2.0000
-0.4422,3.5000
0.5245,2.5000
-0.4742,2.5000
0.9503,3.5000
0.9898,4.5000
-0.3299,1.5000
0.1226,3.5000
0.0096,1.5000
0.5982,3.5000
-0.5399,2.0000
0.2860,3.0000
0.6238,2.5000
-0.0475,2.5000
-0.2312,2.5000
0.6849,3.5000
-0.1606,2.5000
-0.0615,3.0000
0.0957,3.0000
-0.0579,2.5000
-0.7486,2.0000
-0.4676,2.5000
0.6388,3.5000
-0.2743,1.5000
0.6159,2.5000
-1.0000,2.5000
-0.3392,2.5000
1.0000,4.0000
-0.0565,2.5000
0.7422,3.0000
0.8303,3.5000
-1.0000,2.0000
0.1463,2.5000
0.9157,4.0000
0.9455,4.0000
0.6790,3.5000
0.0530,2.5000
0.2213,2.5000
-0.2704,1.5000
-0.5456,1.5000
0.5907,3.5000
0.4225,3.0000
0.4236,3.5000
-0.5173,1.5000
-0.3981,2.5000
0.0187,2.5000
-0.8125,1.5000
0.0843,3.5000
0.4766,2.0000
1.0000,3.5000
0.4923,2.5000
-0.6629,2.5000
0.2186,3.0000
0.9625,3.5000
0.3181,2.5000
0.8670,3.5000
0.6499,3.5000
-0.5070,2.0000
0.1754,3.5000
0.7623,3.5000
0.1798,2.0000
0.8912,4.0000
0.1540,2.5000
0.5361,2.5000
-0.2820,1.5000
0.7886,4.0000
0.9016,3.5000
0.8698,4.5000
0.8588,3.5000
0.8182,3.5000
0.1233,3.3333
0.4940,3.3333
0.2615,3.3333
-0.3975,2.6667
0.2871,3.3333
0.8711,4.0000
0.6139,3.6667
0.9320,3.0000
0.0578,2.6667
0.2846,2.3333
0.4984,3.3333
-0.6161,2.0000
-0.5392,2.0000
0.5854,3.0000
-0.1491,3.0000
0.9192,3.6667
-0.4934,1.6667
0.5528,3.0000
-0.0574,3.0000
-0.1143,2.3333
0.6246,3.0000
-0.4376,2.3333
-0.9771,2.3333
-0.0676,2.6667
-0.0618,3.0000
0.5089,3.6667
0.4448,3.6667
0.1555,3.0000
-0.1197,2.0000
-0.1372,2.6667
-0.0860,2.6667
0.0973,3.6667
-0.0491,2.6667
0.6745,3.6667
-0.0133,2.0000
0.7008,3.3333
0.7440,3.3333
0.7339,3.6667
0.2452,3.0000
-0.9397,2.3333
0.4837,3.3333
0.0396,2.6667
0.6640,3.3333
-0.6091,3.0000
0.5029,3.3333
-0.7751,2.3333
-0.2720,2.3333
0.4857,3.3333
0.1058,3.0000
-0.2051,2.3333
0.4134,2.6667
0.9807,4.3333
0.8406,3.6667
0.4811,3.3333
-0.1364,2.3333
-0.6199,2.3333
-0.6545,2.6667
0.5688,3.3333
-0.1942,2.3333
0.2905,3.0000
0.2999,3.0000
-0.5059,3.0000
-0.1224,3.0000
-0.2860,2.6667
0.6428,3.6667
-0.5433,2.6667
0.3906,3.6667
-0.6526,2.3333
-0.4812,2.0000
-0.5781,2.6667
0.0341,3.3333
-0.6620,3.0000
-0.2534,2.3333
-0.6769,2.0000
-0.6827,2.6667
-0.5876,2.6667
0.2555,2.3333
-0.2191,3.0000
0.1290,2.3333
0.5648,3.3333
-0.8336,2.3333
0.4480,3.6667
0.1524,2.0000
-0.6549,2.6667
0.7207,3.6667
-0.1077,2.3333
0.6060,3.3333
-0.6819,2.3333
0.4426,2.5000
0.9317,4.0000
0.6611,3.0000
-0.0758,2.0000
0.8579,4.5000
-0.1530,2.0000
0.4090,3.0000
0.7261,3.0000
0.6526,3.0000
0.9669,3.5000
0.9340,3.5000
0.9775,4.0000
0.1842,3.0000
0.5402,2.5000
1.0000,4.5000
0.7379,4.0000
0.1868,2.5000
0.9775,4.0000
0.2380,2.5000
0.0833,2.5000
0.9820,4.0000
1.0000,5.0000
0.4840,3.0000
0.9487,4.0000
0.9909,4.5000
0.9215,2.5000
-0.2741,3.0000
0.5310,3.5000
0.9773,3.0000
0.5296,4.0000
-0.1695,2.5000
0.9519,4.0000
0.9580,4.5000
0.9909,3.5000
0.0202,2.5000
0.3657,3.0000
0.9818,4.0000
1.0000,4.5000
1.0000,4.5000
0.9866,4.0000
0.9396,3.0000
0.6013,3.0000
0.9775,4.5000
-0.2289,3.0000
-0.1470,3.0000
-0.5705,2.5000
-0.3466,2.5000
0.6337,3.5000
-0.5918,2.5000
0.2838,3.0000
-0.4236,2.5000
0.4021,2.0000
0.6891,3.0000
-0.3876,3.0000
-0.3120,2.5000
-0.2895,3.5000
-0.0804,2.5000
0.5520,3.5000
-0.7483,2.5000
0.5139,3.5000
0.1700,3.0000
0.2119,2.5000
0.7024,4.0000
0.3723,3.5000
0.6252,4.0000
-0.2828,2.5000
0.4519,4.0000
-0.6623,2.5000
-0.1672,3.5000
-0.1383,2.5000
-0.3355,2.5000
-0.2158,2.0000
0.5320,3.5000
0.3646,2.5000
0.6746,3.0000
0.1970,3.0000
0.7059,4.0000
-0.5497,2.5000
0.0216,3.0000
0.1934,3.5000
-0.0484,4.0000
-0.3230,4.0000
-0.7550,2.0000
0.9348,4.5000
-0.6788,3.0000
-0.1286,2.5000
-0.2402,3.5000
0.7458,3.5000
0.2525,3.0000
-0.8111,2.5000
-0.5943,1.5000
0.2074,4.0000
-0.2876,2.5000
-0.0134,3.5000
-0.1509,3.0000
-0.0651,3.0000
-0.4660,3.0000
-0.0092,3.0000
-0.2829,2.5000
0.1329,2.5000
-0.4637,2.5000
0.1983,3.5000
-0.8377,2.5000
-0.0927,3.0000
0.0538,3.5000
0.2985,3.0000
0.1018,3.0000
0.0863,3.5000
-0.4215,4.0000
-0.1831,3.5000
-0.2911,2.5000
-0.5132,3.5000
0.3813,3.5000
0.7443,3.0000
-0.4965,2.0000
0.9063,4.0000
-0.0139,3.0000
0.6233,3.5000
-0.3176,3.0000
-0.8475,2.5000
0.6820,4.0000
0.5845,4.0000
-0.5432,3.5000
0.3242,3.5000
-0.4732,2.5000
0.3902,3.0000
0.2897,4.0000
-0.8935,2.0000
0.2215,3.0000
-0.3613,3.5000
-0.2443,3.0000
0.4123,3.5000
-0.3841,3.0000
-0.3799,3.0000
0.2816,3.5000
0.1836,3.0000
0.7798,3.5000
0.3924,3.5000
0.3546,3.5000
0.6585,3.5000
0.1005,3.0000
0.2932,4.0000
-0.5295,3.0000
0.1498,3.5000
0.3434,3.0000
0.8208,2.0000
0.4719,3.5000
0.8068,3.5000
0.5478,4.0000
0.1118,3.0000
0.9453,3.5000
0.6841,4.0000
0.7322,3.5000
-0.0598,3.0000
-0.3980,2.5000
-0.0147,2.5000
-0.1806,3.0000
0.2930,4.0000
0.0649,3.5000
0.2439,3.5000
-0.7479,2.5000
0.0120,3.5000
0.0904,2.5000
-0.0657,2.5000
0.9111,4.0000
0.5418,2.5000
0.5515,3.0000
0.3947,3.5000
-0.1127,3.5000
-0.8210,2.5000
0.6953,3.5000
0.8762,4.0000
0.5519,3.5000
-0.1243,3.0000
0.2296,3.0000
0.9397,3.0000
0.3197,3.5000
0.5854,3.5000
0.2530,3.5000
-0.7000,3.5000
-0.3236,3.0000
0.3078,3.5000
0.1932,3.5000
-0.0829,3.0000
0.2477,3.0000
0.3528,3.0000
0.5586,2.5000
0.1062,2.0000
-0.5530,3.5000
-0.8109,2.5000
0.1796,3.0000
-0.0004,2.5000
-0.0916,2.5000
0.4690,4.5000
0.2660,2.5000
-0.6278,3.0000
-0.1929,3.0000
-0.1230,3.0000
0.6632,3.0000
0.4684,3.0000
0.2937,2.5000
0.0409,3.0000
0.7534,3.0000
0.4543,4.5000
0.0363,2.5000
0.5610,3.0000
-0.3307,2.5000
0.6878,3.5000
0.6796,3.0000
0.9307,4.0000
-0.1156,4.0000
0.6229,4.0000
-0.2979,3.0000
0.1478,4.0000
0.8919,4.5000
0.8499,4.5000
0.1651,3.0000
0.7881,3.5000
0.4286,4.0000
0.2928,2.5000
0.3944,4.0000
0.4450,3.0000
0.4238,3.0000
0.6951,3.0000
0.7217,4.0000
0.5864,4.0000
0.7584,4.5000
0.9517,3.0000
-0.0856,2.5000
0.5014,3.5000
0.4797,4.0000
-0.5574,3.0000
0.2307,3.0000
0.6617,4.0000
-0.3146,2.5000
0.3855,3.0000
0.8046,3.5000
-0.1701,4.0000
0.2051,3.0000
0.4543,4.0000
0.8422,4.0000
0.1358,3.0000
-0.0108,3.5000
-0.5134,2.5000
-0.2774,3.5000
0.6170,4.0000
0.0629,3.0000
0.4507,3.5000
-0.4091,3.0000
0.9864,4.5000
0.7626,4.0000
-0.1813,3.0000
0.8054,2.5000
0.8467,4.5000
0.5829,2.5000
-0.1120,2.5000
0.0614,2.5000
0.7923,4.0000
0.7252,4.0000
-0.2918,3.0000
0.4752,4.0000
0.4816,4.0000
0.3474,3.5000
0.3731,4.0000
-0.7253,3.0000
0.2676,3.5000
-0.0433,2.0000
0.5864,4.5000
0.9232,5.0000
0.0361,3.5000
-0.3013,2.0000
-0.1162,3.0000
0.6385,3.0000
0.5061,3.5000
-0.6709,3.0000
0.5492,3.5000
0.2545,3.0000
0.6761,4.5000
0.0494,3.0000
0.4847,3.5000
0.0151,3.0000
0.0477,3.5000
0.1381,3.5000
-0.8553,3.5000
-0.5442,2.5000
0.1027,3.0000
-0.3847,2.5000
-0.3824,2.5000
-0.5042,3.0000
0.0046,3.5000
0.4436,3.5000
-0.5003,2.5000
-0.0055,3.0000
-0.0235,3.5000
-0.6666,3.5000
0.0878,3.5000
-0.6587,2.5000
-0.7959,2.5000
-0.4642,2.0000
-0.3786,3.0000
0.4734,3.5000
-0.2438,3.0000
-0.5885,3.5000
-0.0626,3.0000
-0.8194,3.0000
-0.5094,2.5000
-0.5280,3.0000
-0.1902,3.0000
-0.6454,3.5000
-0.7131,3.5000
-0.1211,3.0000
-0.5231,2.5000
-0.4065,3.5000
-0.6580,2.5000
-0.2713,3.5000
-0.4913,2.5000
-0.1973,3.0000
-0.5005,3.5000
0.7812,4.5000
-0.2877,3.5000
-0.5152,2.5000
-0.1388,3.0000
-0.0632,4.0000
-0.8917,2.5000
0.0190,3.5000
-0.5480,3.0000
-0.1469,2.5000
-0.6803,2.5000
-0.4365,3.5000
-0.1488,3.5000
-0.0161,4.0000
-0.4803,2.0000
-0.5805,2.0000
-0.1626,3.0000
-0.2935,3.0000
-0.0728,2.0000
-0.3983,3.5000
-0.2703,3.0000
-0.0438,4.0000
-0.6859,2.5000
0.7530,4.0000
-0.0854,3.5000
-0.5230,2.5000
-0.4235,3.0000
0.7916,2.5000
-0.6501,4.0000
-0.2712,2.5000
-0.3059,2.5000
-0.1590,2.5000
0.1574,3.5000
-0.6760,3.0000
0.0367,3.5000
-0.6040,3.0000
-0.1735,3.0000
-0.2579,2.5000
0.3718,2.5000
-0.4635,2.5000
-0.5892,2.5000
-0.2603,3.0000
-0.0054,4.0000
-0.1400,2.5000
-0.2959,3.0000
0.3580,3.5000
-0.0622,3.0000
-0.5278,2.0000
-0.1772,3.0000
-0.2775,2.5000
-0.6610,3.0000
0.1216,3.0000
-0.2016,3.0000
0.0432,3.5000
-0.1222,3.5000
0.1138,3.0000
0.5869,3.5000
-0.6126,3.0000
0.2189,2.5000
-0.3667,3.0000
-0.4869,3.0000
0.0589,2.5000
-0.5882,3.5000
-0.4186,2.0000
-0.2984,3.0000
-0.4144,3.0000
-0.4310,2.5000
-0.3265,3.0000
0.1770,3.0000
0.2750,3.5000
-0.3813,2.0000
-0.4160,2.0000
0.4340,3.5000
-0.4574,2.5000
0.3865,4.0000
0.2835,3.5000
-0.3256,3.0000
-0.3525,3.0000
-0.6765,2.5000
0.0011,4.0000
-0.4540,2.0000
-0.3472,3.0000
-0.0797,3.0000
-0.2801,3.0000
-0.6272,2.5000
0.1003,2.5000
-0.7736,2.5000
0.1230,3.5000
-0.6676,3.0000
-0.6791,3.0000
0.2021,3.0000
-0.0307,3.0000
0.5322,3.5000
-0.1862,3.0000
-0.5959,2.5000
-0.2839,3.5000
0.6379,4.0000
0.2384,3.5000
-0.2598,3.5000
0.0896,3.5000
-0.7744,2.5000
-0.0540,4.0000
0.1680,3.5000
-0.3377,3.0000
0.2331,4.0000
-0.2724,3.5000
0.2278,3.0000
-0.6031,3.0000
-0.1251,3.0000
0.5469,4.0000
0.5638,4.5000
-0.6192,2.5000
-0.2626,3.0000
0.7179,3.5000
0.5187,3.5000
0.9632,4.0000
0.0606,2.5000
-0.5251,2.0000
0.6724,3.0000
0.0113,2.5000
0.2653,4.0000
-0.2368,2.5000
-0.2677,2.0000
-0.1930,2.5000
0.6736,3.5000
-0.3506,3.0000
0.1521,2.5000
0.0548,4.0000
0.4303,2.5000
-0.0698,3.5000
-0.5485,2.5000
0.8006,3.0000
0.0493,3.0000
0.9775,4.5000
0.9918,5.0000
-0.3714,4.0000
-0.2575,2.5000
0.7450,3.0000
-0.5236,2.0000
0.4031,3.0000
-0.3542,2.5000
-0.2865,3.0000
-0.4073,3.0000
-0.1561,2.5000
0.1617,3.0000
0.0955,3.5000
-0.5560,3.0000
0.7711,3.0000
0.7673,4.0000
-0.5325,3.0000
-0.1711,3.5000
-0.4512,3.0000
0.5532,3.0000
0.0240,2.5000
0.8406,3.0000
-0.0087,3.0000
0.2389,3.0000
0.3379,3.5000
-0.3641,2.0000
-0.4577,3.0000
0.6183,3.0000
0.1996,3.5000
-0.2199,3.0000
-0.1217,2.5000
0.4032,3.0000
0.8686,4.0000
0.2989,3.0000
-0.4022,2.5000
0.4252,3.5000
-0.4073,2.5000
0.8993,3.0000
-0.8121,3.0000
-0.6255,2.0000
-0.7137,2.5000
-0.0951,2.5000
-0.4492,2.5000
0.1683,2.5000
-0.1478,3.5000
-0.2387,2.5000
0.0527,3.5000
-0.5544,3.0000
0.8323,3.0000
-0.7478,2.0000
-0.0777,3.5000
0.3382,2.5000
0.5640,4.0000
0.8061,3.0000
0.7990,4.0000
0.4097,3.5000
-0.0479,3.0000
-0.4223,2.5000
0.2889,2.5000
0.8391,3.0000
-0.3810,4.0000
-0.0745,2.5000
0.3839,3.0000
0.2012,3.0000
0.1227,2.5000
0.0142,3.0000
0.0533,2.5000
-0.1091,2.0000
0.0386,3.0000
-0.2408,2.0000
0.0644,2.5000
-0.6158,1.5000
0.1099,2.5000
0.4275,2.5000
0.0192,3.0000
-0.6474,2.0000
-0.0209,2.0000
0.0395,2.0000
-0.4156,2.0000
-0.3458,1.5000
-0.3547,1.5000
0.5334,2.0000
-0.2074,2.5000
0.2886,2.0000
-0.1847,2.5000
-0.0900,2.5000
0.3363,3.0000
-0.2268,2.5000
0.5347,2.5000
0.0640,3.0000
0.0734,3.0000
0.6619,2.0000
-0.2802,2.5000
-0.2424,1.5000
0.4725,3.5000
-0.5607,1.5000
-0.0233,2.0000
0.5959,3.5000
0.2137,3.0000
0.7511,3.0000
0.7248,3.0000
-0.1448,3.0000
0.0292,3.5000
0.0004,2.5000
0.4468,3.5000
0.4834,3.0000
0.2469,2.0000
0.6452,4.0000
-0.1946,2.0000
0.2046,2.0000
-0.7790,2.0000
0.0685,2.0000
-0.7210,2.0000
-0.3458,1.5000
0.2636,3.0000
-0.2253,2.0000
0.8960,4.5000
0.5875,3.0000
0.7626,3.5000
0.7040,2.5000
0.6133,4.0000
-0.5790,2.0000
0.7227,3.5000
0.5559,3.0000
0.6551,3.5000
0.3869,3.0000
0.4440,4.0000
-0.4187,2.5000
0.5193,3.0000
0.3961,3.0000
0.8204,4.5000
0.4799,2.5000
0.4527,3.0000
0.5806,3.5000
-0.1313,3.0000
0.1608,3.0000
-0.1772,2.5000
-0.4333,2.5000
0.6046,3.0000
0.4738,3.0000
0.4752,2.0000
0.6535,3.5000
0.3633,3.0000
0.5995,2.5000
0.0027,3.0000
0.7033,3.0000
0.0682,3.5000
-0.1644,2.5000
-0.1161,2.5000
0.9535,4.0000
0.1117,3.0000
0.2751,2.5000
0.9242,2.5000
-0.0733,3.0000
0.5676,3.5000
0.0852,3.0000
-0.5042,2.5000
0.8951,3.5000
-0.6468,2.5000
0.9895,3.5000
0.7306,3.5000
0.4264,3.0000
-0.3112,2.5000
0.9087,3.5000
0.2864,3.0000
0.9001,3.5000
0.5869,3.5000
0.5931,3.5000
0.2259,2.5000
0.7812,3.0000
0.2180,2.5000
0.8912,3.0000
0.3507,2.5000
0.1846,2.5000
0.2916,2.5000
0.9679,4.5000
-1.0000,2.5000
0.7752,2.0000
0.5632,3.5000
0.3636,3.5000
0.5320,2.5000
0.7985,2.5000
0.5940,2.5000
0.6849,4.0000
0.7653,3.5000
0.1186,3.3333
0.0246,2.6667
-0.7094,2.3333
-0.5040,1.6667
0.0598,2.6667
0.5410,3.3333
-0.4196,2.6667
0.5970,2.6667
-0.0200,2.3333
0.5279,3.3333
-0.5852,2.0000
0.1107,3.0000
0.5440,4.0000
0.2759,3.3333
0.9578,3.6667
-0.4131,2.6667
-0.3276,2.6667
0.3261,3.0000
0.2176,3.0000
-0.1230,3.0000
0.0747,2.3333
0.6224,3.6667
-0.1861,2.3333
0.2961,3.3333
-0.5079,2.0000
0.2234,2.6667
0.9743,4.3333
-0.3291,2.3333
0.3771,3.3333
-0.0996,3.0000
-0.1385,3.0000
0.4247,3.3333
0.1567,2.6667
-0.0610,2.0000
-0.1694,3.0000
0.0628,3.6667
0.7737,3.3333
0.1323,3.3333
0.2050,3.0000
0.1045,3.0000
0.3068,3.0000
0.4257,3.3333
0.3427,3.0000
0.6563,3.6667
-0.2742,2.3333
0.6680,3.3333
-0.1123,2.0000
0.1760,3.3333
0.4452,2.3333
0.9771,3.3333
0.2046,2.6667
0.6220,3.3333
-0.3556,2.0000
-0.2083,2.6667
-0.7832,2.3333
-0.7154,2.3333
0.9623,3.3333
0.5416,3.3333
0.8907,4.0000
0.5430,3.3333
0.8547,3.0000
0.7081,3.3333
-0.0377,1.6667
-0.3706,2.3333
-0.1444,3.6667
0.0797,3.0000
-0.1292,2.6667
0.7159,3.6667
0.1886,3.0000
0.3467,2.3333
0.3413,3.0000
-0.3651,3.0000
-0.6000,2.6667
-0.2951,2.6667
0.0258,2.6667
0.5080,3.0000
-0.4978,2.6667
-0.5734,2.0000
-0.5055,2.3333
0.1967,2.6667
0.1692,2.3333
-0.6228,2.0000
0.2914,2.0000
-0.1505,3.3333
0.0098,2.6667
0.0448,3.0000
0.7749,4.0000
0.2355,3.3333
0.3214,3.0000
-0.5637,3.0000
0.8126,3.5000
0.1276,3.5000
-0.4994,3.0000
-0.5470,3.0000
0.3688,3.5000
-0.9421,2.5000
-0.3285,2.5000
0.0652,3.5000
-0.4018,2.5000
-0.0154,2.5000
-0.7670,3.0000
-0.0281,3.5000
0.9595,3.0000
-0.2113,2.5000
-0.2624,3.0000
-0.6169,2.5000
-0.3664,3.5000
0.6376,4.0000
0.9685,4.0000
-0.1876,3.5000
0.1080,2.5000
-0.0270,3.0000
0.0651,3.0000
-0.3157,3.0000
0.0586,2.5000
0.8924,4.5000
-0.1934,3.0000
0.5229,4.0000
0.6167,3.5000
0.0679,2.5000
0.6505,4.5000
-0.3967,3.0000
0.8063,3.5000
-0.1693,3.0000
0.4109,3.5000
-0.5884,2.5000
-0.3970,3.0000
-0.2333,3.5000
0.6580,3.5000
0.3063,3.0000
0.2258,3.0000
-0.1577,3.0000
0.8430,3.5000
-0.2276,3.0000
0.0464,3.0000
-0.2865,3.5000
0.2204,3.5000
0.6934,3.5000
-0.4366,3.5000
-0.5388,2.0000
0.0874,3.0000
-0.1523,3.0000
0.8712,3.5000
0.0310,2.5000
-0.4513,3.0000
0.4416,3.5000
0.4961,3.0000
0.1489,3.0000
-0.0510,3.0000
0.6314,3.5000
-0.3222,2.5000
-0.2697,3.0000
-0.9360,2.5000
0.1842,3.5000
0.6916,3.5000
-0.0542,3.5000
0.9259,2.5000
0.4144,3.5000
0.2582,4.0000
0.9404,4.0000
0.7769,4.0000
0.6745,3.5000
0.2793,4.0000
0.9681,4.0000
0.5051,3.0000
0.2568,2.5000
0.4625,4.0000
0.6491,3.0000
0.2824,2.5000
1.0000,3.5000
0.5472,3.0000
0.0740,3.5000
0.9416,4.5000
0.6768,4.0000
0.9071,3.5000
-0.2393,2.5000
0.2964,4.0000
0.6585,3.5000
0.4205,3.0000
0.1963,3.5000
-0.0930,3.0000
-0.1435,4.0000
-0.4080,3.0000
0.4838,3.5000
-0.6393,2.5000
-0.4882,2.0000
0.8668,3.0000
0.7634,4.5000
0.0438,3.5000
0.0559,3.5000
0.3691,3.5000
0.1289,3.0000
0.3980,4.0000
-0.3781,3.5000
0.1891,2.5000
-0.1411,4.0000
-0.3358,3.0000
0.2078,3.0000
0.3960,4.0000
0.6754,4.0000
0.2052,3.5000
0.0375,3.5000
0.6545,4.0000
0.4448,4.5000
0.3031,2.5000
-0.0365,3.0000
-0.2587,3.5000
0.5174,5.0000
0.8405,4.0000
0.8008,4.0000
0.4743,4.0000
-0.4978,2.0000
0.4959,3.0000
0.2421,2.5000
-0.1176,3.0000
0.1234,3.5000
0.4095,2.5000
0.6185,4.0000
-0.0074,2.5000
0.5419,4.0000
0.0064,3.5000
0.1320,3.5000
0.7092,3.5000
0.5833,3.0000
0.2467,3.5000
0.5042,4.0000
0.6325,4.0000
0.7978,3.5000
-0.0383,2.0000
0.5680,4.0000
0.8275,3.5000
0.8631,4.0000
0.9175,4.5000
-0.3659,3.0000
0.3276,3.0000
0.5521,3.0000
-0.4378,2.5000
-0.4375,3.0000
0.5871,3.5000
-0.3931,3.5000
0.4367,3.5000
0.7390,2.5000
0.9260,3.5000
-0.7154,2.5000
-0.2502,2.0000
-0.8889,2.0000
-0.5155,2.0000
-0.4442,3.5000
-0.2754,2.5000
-0.0976,3.0000
-0.6997,2.5000
-0.7611,3.0000
-0.2960,2.5000
-0.6348,2.0000
-0.3503,2.5000
-0.6490,1.5000
-0.5881,2.5000
-0.4938,2.0000
-0.5008,3.0000
-0.1264,2.5000
-0.3790,2.5000
-0.3295,2.0000
-0.4200,2.0000
-0.4193,2.5000
-0.7620,2.0000
-0.6342,1.5000
-0.8597,2.5000
-1.0000,1.5000
-1.0000,2.0000
-0.7559,2.5000
-1.0000,2.5000
-0.3915,2.0000
-0.4463,2.5000
-0.1523,3.0000
-0.6503,2.0000
-0.5147,2.0000
-0.7591,2.0000
-0.3858,2.5000
-0.0997,2.5000
-0.5065,2.5000
-0.5032,3.0000
-0.4369,3.0000
-0.7201,2.0000
-0.6503,2.5000
-0.5214,2.0000
-0.8564,2.5000
-0.3047,2.0000
-0.7291,2.0000
-0.2794,2.0000
-0.1401,2.5000
-0.8559,2.5000
-0.0725,3.0000
-0.2532,3.0000
-0.5159,3.0000
-0.4480,3.0000
0.3147,3.5000
0.5375,3.0000
0.7649,3.0000
0.4869,2.5000
-0.2828,2.5000
0.8888,4.0000
-0.3176,2.5000
0.3485,2.0000
0.9864,3.5000
0.2478,2.5000
0.4860,3.5000
0.0636,2.5000
0.8931,3.5000
0.0498,2.0000
0.2122,2.5000
0.0486,3.0000
-0.4299,3.0000
0.5494,3.0000
-0.4987,3.0000
-0.4088,3.0000
-0.2143,3.0000
0.4303,3.0000
0.5173,2.5000
-0.3537,2.0000
0.5537,3.0000
0.0622,2.0000
0.0620,3.0000
-0.4150,2.0000
0.1792,3.0000
-0.5653,2.5000
0.4589,3.5000
-0.5853,3.0000
-0.7069,3.0000
-0.3331,2.0000
0.0970,3.0000
0.8042,3.5000
0.2339,3.0000
0.2499,2.5000
0.9679,3.5000
-0.1847,3.0000
0.5764,3.5000
0.9233,3.5000
0.0482,2.5000
0.3699,3.0000
-0.0224,3.5000
0.9486,3.5000
0.8007,3.0000
0.1346,3.0000
1.0000,3.5000
1.0000,3.5000
0.7964,3.5000
0.2371,3.0000
1.0000,4.5000
0.3252,3.0000
0.0817,2.5000
0.4540,3.5000
-0.1963,3.0000
0.8325,3.5000
0.9187,3.0000
0.6334,2.5000
-0.1098,2.5000
-0.3054,2.5000
0.7097,3.5000
-0.0925,3.5000
-0.2108,2.5000
-0.6688,2.5000
-0.8624,2.0000
0.1883,2.5000
0.1942,2.5000
0.1217,3.5000
0.8816,4.5000
0.7541,3.5000
0.9771,3.5000
-0.0433,3.0000
-0.1740,3.0000
-0.5415,2.5000
-0.5874,2.5000
0.4674,2.5000
0.2366,3.5000
0.0750,3.5000
0.4314,3.5000
0.9936,3.5000
-0.5989,2.5000
0.4444,3.5000
0.6983,3.5000
-0.1345,2.5000
0.5872,2.5000
0.8677,4.0000
-0.4988,3.5000
0.3874,2.0000
0.9531,4.5000
-0.2449,3.5000
0.3490,3.5000
0.8489,4.5000
-0.3655,2.5000
-0.0670,3.0000
0.4590,2.5000
-0.2604,3.0000
0.1063,4.0000
-0.3894,3.0000
-0.4790,2.5000
0.7845,3.0000
0.0302,2.5000
-0.2346,3.5000
0.9577,3.5000
0.5676,3.5000
0.8423,3.0000
0.5072,3.0000
0.0537,3.0000
0.1500,3.0000
-0.4762,2.5000
0.4931,3.0000
0.4323,3.0000
0.7744,3.5000
0.0955,2.5000
-0.5294,3.0000
-0.2805,2.5000
0.1324,3.0000
-0.4721,2.0000
-0.1136,3.0000
-0.5724,2.5000
-0.7930,2.0000
-0.3976,2.5000
-0.0576,2.0000
-0.3178,2.5000
0.0008,2.5000
-0.4695,2.0000
-0.1388,2.0000
-0.2485,2.0000
-0.0128,2.5000
-0.1787,2.5000
-0.4930,2.0000
-0.3583,3.0000
-0.5086,2.5000
0.1241,3.0000
-0.3991,2.5000
-0.4922,2.0000
0.4724,4.0000
-0.3047,2.0000
-0.7181,2.0000
0.3499,2.0000
-0.8184,3.0000
-0.2378,3.5000
0.3810,3.0000
-0.1014,3.5000
-0.0058,2.0000
-0.0349,2.0000
-0.4088,2.0000
0.2589,3.0000
0.1370,2.5000
0.1004,3.0000
-0.6869,2.0000
-1.0000,3.0000
0.4173,2.0000
-0.0391,1.5000
-0.0226,3.5000
-0.3522,2.0000
0.0216,1.5000
0.2266,3.0000
-0.2333,3.0000
0.6836,3.5000
0.0302,3.0000
0.0063,2.3333
0.8314,3.3333
0.7407,2.6667
0.0256,3.3333
0.9340,4.3333
-0.0144,2.0000
0.9807,3.6667
0.8377,3.6667
0.5094,2.3333
-1.0000,2.3333
0.3352,3.0000
0.1530,3.5000
-0.1418,3.0000
-0.0616,2.5000
0.5199,3.0000
-0.5630,3.0000
-0.6858,2.0000
0.1687,3.0000
-0.2324,2.5000
0.1625,3.0000
-0.4898,3.0000
-0.1550,2.5000
-0.4690,2.0000
-0.8194,2.0000
-0.7299,2.0000
-0.1446,3.0000
-0.3166,2.5000
-0.4902,2.0000
-0.1381,3.5000
-0.2816,2.5000
-0.2424,2.5000
-0.3205,2.5000
-0.0302,3.5000
0.1435,3.0000
0.5611,3.0000
0.1479,3.0000
0.3048,3.0000
-0.2153,2.5000
-0.1873,2.0000
0.0244,3.0000
-0.1021,3.5000
0.0115,3.5000
-0.0897,3.0000
0.7727,4.0000
-0.2836,2.0000
0.3822,3.5000
0.2957,2.5000
-0.3792,3.0000
-0.2827,2.5000
0.2109,3.5000
-0.3936,3.0000
-0.9059,3.0000
-0.7844,2.0000
-0.4073,3.0000
0.4081,3.5000
0.4620,3.0000
0.1970,3.0000
0.0383,2.5000
-0.2769,2.5000
-0.0933,3.0000
-0.8241,2.0000
0.7411,3.5000
-0.3773,2.5000
0.0404,3.5000
-0.2992,2.5000
-0.2032,2.5000
-0.4573,2.5000
-0.2070,3.5000
0.3072,2.5000
-0.2390,2.5000
0.6162,3.5000
0.1659,3.5000
0.8176,4.0000
0.3594,2.5000
0.6792,4.0000
0.5012,4.0000
-0.2652,3.5000
0.7162,4.0000
-0.4951,2.5000
-0.1792,3.0000
0.5806,4.0000
0.7876,3.0000
0.2021,3.0000
-0.4227,2.5000
0.4117,4.0000
0.7015,4.5000
0.8465,4.6667
0.7943,4.0000
-0.5128,2.0000
-0.6126,2.6667
0.9936,4.3333
0.6944,4.0000
-0.4407,2.3333
-0.0691,3.0000
-0.0009,2.6667
0.9383,3.6667
-0.3368,2.6667
-0.5582,3.3333
-0.5498,2.3333
-0.6704,2.3333
0.7469,3.6667
-0.4764,3.3333
0.2658,3.0000
-0.2333,2.6667
-0.7228,2.3333
0.9025,3.3333
0.7071,3.3333
0.6402,3.3333
0.5590,3.3333
0.6180,3.0000
-0.4844,2.6667
0.0355,2.3333
0.3646,3.0000
-0.5825,2.3333
-0.1568,3.0000
0.4011,3.0000
-0.4354,2.0000
0.3665,3.3333
-0.2726,2.3333
0.2753,3.6667
-0.7015,2.3333
-0.1316,2.6667
0.4422,3.6667
0.0017,3.0000
0.6185,3.0000
-0.3281,3.6667
0.3335,3.0000
-0.0818,2.3333
0.6210,3.0000
-0.4390,2.6667
0.0202,3.0000
-0.2226,3.0000
0.2472,2.3333
-0.8118,2.3333
0.7389,3.6667
-0.5473,2.0000
-0.5396,3.3333
-0.2541,1.6667
0.2429,3.3333
-0.3888,3.0000
-0.6551,3.0000
-0.0755,2.0000
-0.2086,2.6667
0.1315,2.6667
-0.9724,2.0000
-0.0790,2.3333
-0.9595,2.3333
-0.1287,2.6667
-0.1566,2.6667
-0.2375,3.0000
0.6312,3.6667
-0.3839,2.6667
0.0803,2.6667
-0.4430,2.6667
0.6562,3.0000
-0.5557,3.3333
-0.7600,2.6667
-0.5056,2.3333
0.8714,3.6667
-0.1148,2.3333
-0.3160,3.6667
0.7361,3.3333
0.9430,3.6667
0.4879,3.6667
0.5294,3.0000
0.6005,3.3333
0.2757,3.0000
0.9918,4.3333
0.4381,3.6667
0.3783,3.0000
0.7972,2.0000
0.0607,2.5000
0.6761,3.0000
0.5438,2.5000
0.7242,2.5000
0.8385,3.5000
0.6498,3.0000
0.6515,3.5000
0.0524,3.5000
0.3627,3.0000
0.9918,3.5000
-0.2223,3.0000
0.0391,2.5000
-0.0763,2.0000
0.2423,3.5000
0.0283,3.0000
0.5650,2.5000
-0.0370,3.0000
0.7626,2.5000
0.7012,3.5000
0.1269,3.0000
0.4627,2.5000
-0.3278,2.0000
0.7847,3.0000
0.1914,3.5000
0.6038,3.5000
0.3625,3.5000
0.9486,3.5000
0.7110,2.0000
-0.6119,3.0000
-0.0236,2.0000
0.2055,2.5000
-0.1873,2.5000
0.5667,2.5000
0.2173,3.0000
-0.2554,2.5000
0.2708,2.5000
-0.6588,2.0000
0.5309,3.0000
-0.2472,3.0000
0.4224,4.0000
-0.0991,3.0000
-0.0002,4.0000
-0.4614,2.5000
-0.0744,2.5000
0.2599,3.5000
0.0275,3.0000
0.2289,2.5000
0.6312,3.5000
-0.6422,2.5000
0.6343,3.0000
0.3088,3.5000
-0.2064,2.5000
0.2374,3.5000
-0.4033,3.0000
0.1565,3.0000
0.1091,3.5000
-0.4855,3.0000
-0.6118,2.5000
0.1027,3.0000
0.1793,4.0000
-0.3595,2.5000
0.1679,2.5000
-0.2574,4.0000
-0.3696,3.5000
-0.2424,2.5000
-0.6238,2.5000
-0.2936,3.0000
-0.5969,3.5000
0.3341,3.0000
0.5222,3.5000
0.2427,3.0000
0.4160,4.5000
0.4504,4.0000
-0.5677,3.0000
-0.2956,3.0000
0.9514,5.0000
-0.2422,2.5000
0.4108,3.5000
0.5702,3.5000
0.3268,2.0000
0.3682,3.5000
0.9788,4.5000
0.3638,4.0000
0.3242,3.0000
0.8166,4.5000
0.1064,2.0000
-0.4473,2.0000
-0.7559,3.0000
-0.3801,2.0000
-0.1313,3.0000
0.0515,3.5000
-0.6591,2.0000
0.1937,2.0000
-0.2263,2.0000
0.2629,3.0000
0.3952,3.5000
0.1584,3.0000
0.4736,3.5000
0.1548,2.5000
-0.4710,2.5000
0.5157,3.5000
0.6047,4.5000
0.7577,3.5000
0.8761,4.0000
0.8843,4.5000
0.0729,5.0000
0.1493,4.0000
-0.3229,3.0000
0.3747,4.0000
-0.2630,3.5000
0.4435,3.0000
0.7347,5.0000
0.6996,3.0000
0.3907,4.5000
-0.0196,4.5000
0.0554,3.0000
-0.5283,2.0000
0.7395,5.0000
0.0883,3.5000
-0.7846,3.0000
-0.6359,4.5000
0.8528,5.0000
-0.4583,4.0000
0.4196,5.0000
-0.3128,4.5000
0.1253,4.5000
0.6552,4.0000
0.2415,4.0000
0.3846,4.5000
-0.5030,4.0000
0.0357,3.0000
-0.1819,3.5000
0.3960,5.0000
0.9578,4.5000
-0.0807,4.5000
0.1795,4.5000
-0.3362,3.0000
-0.0920,2.5000
-0.5722,3.0000
-0.9199,1.5000
-0.6578,2.0000
-0.9273,3.0000
-0.8386,2.0000
-0.7559,2.5000
-0.6221,2.0000
-0.7409,2.0000
-0.3019,2.5000
-0.5878,1.5000
-0.7232,2.5000
-0.5778,3.0000
-0.5684,1.5000
-0.9347,2.5000
-0.9790,1.5000
-0.6233,2.0000
-0.5820,2.0000
-0.5956,1.5000
-0.4960,3.0000
-0.5127,2.5000
-0.3050,3.0000
-0.5730,2.0000
-0.9358,1.5000
0.1337,3.5000
-0.7139,1.5000
-0.6896,2.0000
-0.5080,3.0000
-0.4757,3.0000
-0.5796,2.5000
-0.5080,2.0000
-0.9463,2.0000
-0.6366,2.5000
-0.6274,2.5000
-0.8003,2.5000
-0.6778,3.0000
-0.5345,2.5000
-0.4707,2.5000
-0.3776,2.5000
-0.7136,2.5000
-0.4007,3.0000
-0.3008,2.5000
-0.2885,2.0000
-0.9716,2.0000
-0.7372,2.0000
-0.8306,2.5000
-0.8766,1.5000
-0.6380,2.0000
-0.4663,2.5000
-0.7519,2.5000
-0.6018,2.5000
-0.5982,2.0000
-0.3616,2.5000
0.1101,3.5000
0.0695,3.0000
0.1970,3.0000
1.0000,5.0000
-0.2622,3.0000
0.4883,4.0000
0.3959,4.5000
0.1653,2.5000
0.0135,4.0000
0.1929,2.5000
-0.3287,2.5000
-0.6593,2.5000
0.1369,4.0000
-0.6334,3.0000
-0.0059,3.5000
0.7642,4.5000
-0.4749,2.5000
0.9488,3.5000
0.1386,3.5000
0.4646,3.5000
0.4835,3.5000
0.8465,4.0000
-0.2756,3.0000
1.0000,5.0000
0.8373,3.5000
0.9864,4.0000
0.2640,3.5000
0.1903,3.0000
0.8644,3.0000
0.9335,4.0000
-0.0470,3.5000
-0.4519,2.5000
0.8960,3.5000
-0.3723,3.0000
0.3147,2.5000
0.3145,3.5000
0.2184,3.5000
-0.2559,3.5000
-0.5373,2.5000
0.4274,2.5000
-0.7357,2.0000
0.1720,3.0000
0.5167,3.5000
0.2987,3.5000
0.9673,4.0000
0.0906,3.0000
0.3293,3.5000
0.9805,4.5000
-0.4226,2.5000
0.7044,3.5000
-0.4223,3.0000
0.1540,3.5000
0.2247,3.0000
0.0690,3.0000
0.9697,3.0000
0.8661,3.5000
-0.4951,3.0000
0.5163,3.5000
0.2178,3.5000
-0.3282,2.0000
-0.7161,2.5000
-0.1928,3.0000
0.3556,2.5000
0.9792,4.0000
0.0378,2.0000
0.6705,2.5000
-0.0020,2.0000
0.4579,4.0000
0.5592,3.5000
-0.4280,2.5000
0.4023,4.0000
-0.6081,1.5000
0.4872,3.5000
0.0247,3.0000
0.5388,4.0000
0.9805,4.5000
0.1774,3.0000
0.0988,3.5000
-0.1879,2.5000
-0.4353,2.5000
-0.4780,3.5000
-0.0664,3.0000
0.3722,2.0000
-0.2023,2.5000
0.0921,2.0000
0.3164,3.0000
-0.3814,2.0000
0.8397,3.0000
0.3291,3.0000
0.3131,3.5000
-0.0909,2.0000
-0.4105,2.5000
-0.3347,3.0000
-0.1025,3.5000
0.8493,3.5000
0.6599,3.5000
0.9151,4.5000
-0.5029,2.0000
-0.2670,2.5000
0.4833,4.5000
0.5454,3.5000
0.8565,4.5000
0.9087,4.5000
-0.7604,2.5000
0.8841,3.5000
0.5499,3.5000
0.4816,3.5000
-0.5207,3.0000
0.5830,3.5000
0.3523,3.5000
-0.3100,2.5000
0.8532,4.5000
0.3660,3.0000
0.8233,4.0000
0.9086,4.0000
0.6574,3.5000
-0.0850,3.5000
0.8756,4.5000
-0.0510,3.0000
-0.0353,3.0000
-0.3946,2.5000
0.0115,3.0000
-0.2923,3.0000
0.2695,4.0000
0.4744,3.5000
-0.2948,3.0000
0.4655,3.5000
0.7518,4.0000
0.8523,4.0000
0.5201,3.0000
0.1017,3.0000
-0.1654,3.0000
0.5462,3.5000
0.5607,4.0000
0.4723,3.5000
-0.2379,3.0000
0.0057,3.0000
0.6476,3.0000
0.8392,4.0000
0.6894,3.5000
0.5111,3.5000
-0.0064,2.5000
-0.3028,3.0000
0.7909,4.0000
0.4689,3.5000
0.6389,3.5000
0.2107,3.0000
-0.3412,3.0000
0.7621,4.0000
0.9542,4.5000
0.0230,3.5000
0.4810,3.0000
0.9472,3.5000
0.8523,3.5000
0.8044,3.5000
0.8100,3.5000
0.5044,3.0000
0.2952,3.0000
0.3401,3.5000
0.9874,3.5000
0.9902,3.5000
0.9633,3.5000
0.6802,3.5000
0.6275,2.5000
-0.1689,2.5000
0.1702,2.5000
0.3863,3.0000
0.2381,4.0000
0.6473,3.5000
0.1720,3.5000
0.3166,3.5000
0.3940,3.5000
-0.6605,2.0000
0.9916,4.5000
0.7378,3.5000
0.9860,3.5000
-0.0768,2.5000
0.1228,3.0000
0.9868,4.0000
-0.3044,2.5000
0.9846,4.0000
0.7726,3.5000
0.9027,3.0000
0.7912,3.0000
0.5299,3.5000
0.8565,4.0000
-0.1496,3.0000
0.9411,3.0000
0.4117,2.0000
0.3515,2.5000
0.3194,3.0000
0.2861,3.0000
0.2551,3.0000
0.7998,2.5000
0.5233,3.5000
-0.7054,1.5000
0.1008,3.0000
0.4897,2.5000
0.9303,2.0000
0.2762,2.5000
0.9104,3.0000
0.2179,3.0000
0.2273,2.5000
0.8427,2.0000
-0.0169,2.5000
0.2777,3.0000
0.8110,3.5000
0.5529,2.5000
0.9789,3.5000
0.7347,2.5000
0.5579,3.0000
0.4590,3.0000
0.9152,3.5000
0.7229,3.5000
0.6516,3.5000
-0.1265,2.5000
0.9902,3.5000
0.6677,3.0000
0.8044,4.5000
0.5849,3.0000
0.3672,2.5000
0.3222,3.0000
0.5112,3.0000
-0.3401,2.0000
0.9868,3.5000
-0.2513,2.5000
0.5773,3.0000
-0.0677,2.0000
-0.1266,2.5000
0.4777,3.5000
-0.0286,3.0000
-0.4392,2.5000
-0.3044,2.5000
0.9958,4.5000
0.9151,3.5000
0.0868,3.0000
0.8368,3.5000
0.4740,3.0000
0.8691,3.0000
0.8936,3.5000
0.5748,2.5000
0.2050,3.5000
-0.0581,3.0000
0.8566,4.0000
0.8695,3.0000
0.9083,3.0000
0.9738,3.5000
0.8962,3.5000
0.7912,3.5000
0.4202,2.5000
-0.4034,3.5000
0.9411,3.5000
-0.6073,3.0000
0.7532,3.5000
0.9737,3.5000
0.4655,3.5000
0.1180,3.0000
0.2710,2.5000
0.8499,5.0000
0.9802,3.0000
-0.3793,3.0000
-0.2972,2.0000
-0.0340,2.0000
0.2104,3.5000
0.7209,3.0000
-0.5350,2.5000
0.4480,3.5000
0.0050,2.0000
0.4267,3.0000
0.4581,2.5000
0.9958,4.5000
0.6621,3.5000
0.6473,3.5000
0.9080,4.0000
0.3994,4.0000
0.8306,4.0000
0.2163,2.0000
1.0000,4.0000
0.0119,3.0000
0.9935,3.5000
0.1042,3.0000
0.6636,3.5000
0.7718,4.0000
0.1732,3.5000
0.9934,4.0000
-0.0865,3.0000
0.9916,4.5000
-0.1410,3.3333
-0.5943,2.3333
0.9803,4.0000
0.3501,3.3333
0.9497,3.6667
1.0000,3.3333
-0.1539,3.0000
0.3203,2.6667
0.9868,4.0000
0.2963,3.0000
0.1513,3.0000
0.5146,3.3333
0.5048,3.3333
0.6281,3.6667
0.6439,3.3333
0.0422,2.6667
0.5073,3.3333
0.1260,2.6667
0.5158,2.3333
-0.9079,2.0000
-0.0206,2.3333
0.4496,3.3333
0.3965,3.3333
-0.2046,2.6667
0.4270,3.3333
0.0793,2.6667
0.1855,3.0000
0.3456,3.3333
0.9464,4.3333
0.7209,3.3333
-0.3091,2.3333
-0.4164,3.0000
0.7621,4.5000
0.9846,3.5000
0.5409,2.5000
0.0312,3.5000
0.0616,2.5000
-0.0949,3.0000
0.0388,3.0000
-0.5144,3.0000
-0.3488,3.5000
-0.2946,3.5000
-0.5558,2.0000
0.7047,2.5000
-0.1009,2.0000
0.1449,3.0000
0.2266,3.5000
-0.1278,2.5000
-0.5436,2.0000
-0.8712,3.0000
-0.6509,2.0000
0.7973,3.0000
0.0019,2.5000
-0.2402,2.5000
-0.0535,3.0000
-0.3466,2.5000
-0.0709,2.5000
-0.4648,2.5000
0.4853,3.5000
0.5877,2.5000
-0.3356,2.5000
-0.0359,3.0000
-0.5940,2.0000
-0.2755,3.5000
0.1814,2.5000
-0.1477,2.0000
-0.1184,3.0000
0.7800,3.5000
-0.1758,2.5000
0.9916,4.5000
0.0983,3.0000
-0.7430,2.5000
0.4858,3.5000
0.3294,2.5000
-0.0406,3.0000
0.9803,4.0000
0.3213,2.0000
-0.2930,2.0000
-0.4472,3.0000
-0.2649,2.5000
0.8071,3.5000
0.1389,2.5000
0.1892,3.5000
0.1129,3.0000
-0.6050,2.0000
0.5229,3.0000
0.4294,3.5000
0.1252,2.5000
-0.2381,3.0000
0.2376,3.0000
-0.3772,2.0000
-0.2896,2.0000
0.3702,3.0000
-0.2127,2.0000
-0.4410,2.6667
-0.5737,2.6667
-0.6309,2.0000
0.4540,3.0000
0.2808,2.3333
0.7018,3.0000
-0.7316,2.6667
0.8044,4.0000
0.7758,3.0000
-0.7279,1.3333
-1.0000,2.6667
-0.5710,2.0000
0.3174,3.3333
-0.9321,2.3333
-0.5220,2.3333
-0.9465,2.6667
-0.8461,2.0000
-0.4980,2.0000
-0.1229,3.0000
0.9542,4.3333
-0.8155,1.6667
0.8240,3.3333
-0.8298,1.6667
0.8129,3.3333
-0.7511,3.0000
0.6078,3.3333
0.2199,3.0000
0.3412,3.3333
0.9087,3.3333
0.2931,3.6667
0.7191,3.6667
-0.0876,2.6667
0.7443,3.3333
0.8893,3.6667
1.0000,3.3333
-0.0675,2.0000
0.7849,3.0000
0.3140,2.3333
-0.2685,2.6667
0.8649,3.3333
-0.4751,2.3333
0.5377,3.3333
-0.4519,2.0000
0.9472,4.0000
0.5070,3.0000
0.1670,3.3333
-0.6724,2.0000
0.4374,2.6667
-0.6135,2.6667
0.9868,4.3333
0.6653,3.0000
0.5635,3.3333
0.8240,3.6667
0.3092,3.0000
0.4069,3.6667
-0.1637,2.6667
-0.3859,2.0000
-0.4560,3.0000
0.0543,3.0000
0.5757,3.0000
-0.7292,2.3333
-0.0578,2.0000
-0.6223,2.3333
0.5907,3.6667
0.6350,4.0000
-0.1027,3.0000
0.0793,2.6667
-0.4793,2.5000
0.4937,4.0000
0.4702,2.5000
-0.4641,3.0000
0.4513,3.5000
0.9357,3.0000
0.9298,3.5000
0.6036,3.0000
0.2773,3.0000
0.2874,3.0000
0.5071,3.5000
0.7401,3.0000
0.9621,3.5000
0.6889,3.5000
0.9739,3.5000
-0.1040,3.5000
0.8736,3.0000
0.9472,3.0000
0.9551,4.0000
0.2325,2.5000
0.0726,2.5000
0.1173,3.5000
0.7844,3.5000
0.7061,3.5000
0.0293,3.0000
0.5849,3.5000
-0.1326,3.5000
0.2453,2.5000
0.4511,3.0000
0.0307,3.0000
0.3105,2.5000
0.9542,4.0000
0.9542,4.0000
0.1637,3.0000
0.0986,2.5000
0.9739,4.5000
-0.5507,2.0000
-0.6215,2.0000
0.1851,3.0000
0.9607,4.5000
0.6101,3.0000
0.1849,3.0000
0.7974,4.0000
0.9409,4.0000
0.0726,2.5000
0.2231,2.5000
0.6025,3.0000
-0.5468,2.5000
0.1397,3.0000
0.4178,4.0000
-0.3446,2.5000
0.6671,4.0000
0.7822,3.0000
0.7870,4.0000
0.2749,4.0000
-0.6668,2.5000
-0.5982,2.0000
0.7068,4.0000
0.7717,3.5000
0.4923,3.0000
-0.1055,2.0000
-0.3968,3.0000
0.9609,4.0000
-0.4881,2.5000
0.2775,2.5000
-0.1626,3.0000
-0.0355,3.0000
0.4584,3.0000
0.7979,4.5000
0.5139,2.5000
-0.8818,1.5000
-0.3324,2.5000
-0.3020,2.5000
0.5251,3.5000
-0.8214,2.0000
0.8886,4.0000
-0.3748,2.5000
-0.7257,2.0000
0.3138,3.0000
0.1664,3.0000
0.2675,3.5000
0.9021,4.0000
-0.6822,2.5000
-0.3612,3.0000
-0.1116,3.0000
0.2682,3.0000
0.3216,3.0000
0.7148,3.5000
0.0569,2.5000
0.8630,3.5000
0.5513,3.0000
-0.6616,2.0000
0.9087,4.0000
-0.1183,2.5000
0.5321,4.0000
0.8350,3.5000
0.6804,3.0000
-0.0602,3.0000
0.7576,3.5000
0.8170,4.0000
0.9477,3.5000
0.6957,3.0000
0.7002,3.0000
0.6635,3.5000
0.5648,2.5000
0.4531,1.5000
0.7823,3.5000
0.3306,2.0000
0.4405,2.0000
0.5789,2.5000
0.7529,2.5000
0.3209,3.0000
0.4600,2.5000
0.8978,4.5000
-0.3597,2.5000
-0.3336,2.5000
0.4298,2.5000
0.3597,3.5000
0.4500,2.5000
0.2734,2.5000
-0.0164,2.0000
-0.1965,2.0000
0.5660,2.5000
0.9607,4.5000
-0.0788,2.0000
-0.2848,2.5000
0.1378,2.5000
0.3632,2.5000
0.3767,2.5000
0.2499,2.5000
0.3765,2.0000
-0.1730,1.6667
0.3611,3.6667
-0.0285,2.0000
-0.3803,1.6667
0.7391,2.3333
0.7045,4.0000
0.2577,3.0000
0.3989,3.6667
0.9542,3.3333
0.1227,3.3333
0.7836,3.0000
0.3333,3.0000
-0.3810,2.6667
0.2659,2.0000
0.1998,2.5000
0.4312,3.0000
0.9045,3.5000
0.4526,4.0000
0.3103,3.0000
0.2720,2.5000
-0.1064,2.5000
0.9608,3.5000
0.6557,3.0000
0.7220,3.0000
1.0000,4.0000
0.2978,3.0000
0.9874,4.0000
0.6351,4.0000
0.5161,3.5000
0.6574,4.5000
0.7598,3.0000
1.0000,3.5000
0.8833,4.5000
0.6978,3.0000
0.7851,3.5000
1.0000,4.0000
0.3834,3.5000
0.5609,3.5000
0.5236,3.5000
0.4089,2.5000
0.2354,3.5000
0.1566,2.5000
0.8975,3.0000
0.3353,2.5000
0.2074,4.0000
0.3941,2.5000
0.9663,4.0000
0.8458,3.5000
0.5937,3.5000
0.7960,3.0000
-0.1471,3.0000
0.9542,5.0000
0.7647,3.0000
0.9554,4.0000
-0.0629,3.5000
0.8184,3.0000
0.2080,3.5000
0.2217,2.0000
0.9958,4.5000
0.9803,4.0000
0.6666,3.0000
0.2329,3.5000
0.7937,3.5000
0.5026,2.5000
-0.1585,3.5000
0.1383,3.5000
0.5347,3.5000
0.4283,2.5000
0.3404,2.5000
0.2024,3.5000
0.2021,2.5000
-0.1721,3.5000
0.3625,3.0000
0.9916,3.5000
0.2253,3.0000
0.1235,3.5000
0.9200,2.5000
0.4965,3.5000
0.2578,3.5000
0.6789,3.5000
-0.1665,3.0000
0.8908,3.5000
0.9916,4.5000
0.9630,3.0000
0.3349,2.5000
0.7539,4.0000
-0.0075,3.0000
-0.4698,2.0000
0.2597,3.0000
-0.1002,2.0000
-0.8177,2.5000
0.6929,3.0000
-0.7324,3.0000
-0.8980,2.0000
0.1286,3.5000
-0.7540,3.0000
0.2771,2.0000
-0.5838,2.5000
0.1979,2.5000
0.0459,3.0000
0.8649,3.5000
-0.4846,3.0000
-0.5529,2.5000
-0.3733,2.0000
0.1394,3.0000
0.6566,3.0000
-0.6649,2.0000
0.1095,3.0000
-0.7640,2.0000
0.6867,3.0000
0.0219,3.0000
-0.8146,3.0000
0.0066,2.5000
-0.2061,3.0000
-0.8945,2.0000
-0.8050,2.0000
-0.6503,2.5000
-0.3358,3.5000
-0.5709,2.5000
-0.7094,2.5000
-0.3584,2.5000
-0.3906,3.0000
-0.1546,2.5000
-0.6265,2.0000
-0.5964,2.5000
-0.3711,2.0000
-0.8304,2.0000
-0.3217,2.0000
-0.6368,2.0000
-0.3272,3.0000
-0.8606,2.0000
-0.8088,2.0000
-0.0641,2.5000
-0.7881,3.0000
-0.3480,2.5000
-0.7048,3.0000
-0.6204,2.5000
-0.8639,2.0000
-0.7304,2.0000
-0.5999,2.0000
-0.2729,3.0000
-0.8698,2.5000
-0.5226,3.0000
-0.3517,2.5000
-0.6557,2.5000
-0.0251,2.5000
-0.5670,2.5000
-0.3100,2.5000
-0.0920,3.0000
-0.6863,2.5000
-0.6014,2.0000
-0.4276,3.0000
-0.6511,3.5000
-0.5049,2.0000
-0.5318,2.5000
-0.6337,3.0000
-0.6040,3.0000
-0.4700,2.0000
-0.8870,2.0000
-0.1927,2.5000
-0.6468,2.0000
0.6993,3.5000
0.9186,3.0000
0.8062,3.0000
-0.3001,3.0000
-0.1272,2.5000
0.5133,4.5000
-0.1493,3.0000
0.8019,3.5000
0.4958,3.5000
0.7102,4.0000
0.1552,4.0000
0.2794,4.0000
0.6232,3.5000
-0.5980,2.0000
0.9762,3.5000
0.3880,3.0000
0.3260,4.0000
0.7346,4.0000
0.9803,4.0000
0.8152,3.5000
0.1462,3.0000
-0.4219,3.0000
0.3085,3.5000
-0.4097,3.0000
0.1540,2.5000
0.8489,3.0000
-0.1814,2.0000
0.7481,3.0000
-0.1676,3.0000
-0.4384,2.5000
0.0659,3.0000
-0.0607,2.5000
0.6807,3.0000
-0.0163,3.5000
-0.3757,3.0000
0.0112,2.5000
0.2349,3.0000
-0.3406,3.0000
0.5724,4.0000
0.5116,3.5000
0.4888,3.0000
0.0569,3.0000
0.8846,3.5000
0.4676,3.5000
0.0542,2.5000
0.2821,3.0000
0.9542,4.5000
0.9846,3.5000
0.6111,3.0000
0.1892,2.5000
-0.2817,2.5000
0.9466,3.0000
0.7401,3.0000
-0.4730,3.0000
0.8978,4.5000
-0.0196,3.0000
0.4058,4.0000
-0.6875,2.0000
-0.2688,2.5000
0.4757,3.0000
-0.6538,3.0000
0.3522,3.0000
0.5216,3.0000
-0.2149,4.0000
0.7077,3.0000
0.2986,3.0000
0.7441,3.0000
0.2253,3.5000
0.7154,4.0000
0.8908,3.5000
0.4693,4.0000
-0.1218,2.5000
-0.0621,2.5000
0.4204,3.5000
0.3921,3.0000
0.6663,3.5000
0.2006,4.0000
0.6391,3.0000
0.4254,3.0000
0.6435,3.5000
0.6442,3.0000
0.7931,4.0000
0.7716,3.5000
0.7237,4.0000
0.3884,3.5000
-0.1495,4.0000
0.3721,3.5000
0.5238,3.0000
0.1049,3.0000
0.1527,3.5000
0.7159,3.5000
0.0090,3.0000
-0.3138,3.5000
0.8742,3.5000
0.4329,4.5000
0.5783,3.5000
0.5592,4.0000
0.5119,3.5000
0.6214,4.0000
0.2872,3.5000
0.8298,3.5000
0.5175,4.5000
0.4549,3.0000
-0.0175,3.0000
0.3005,4.0000
-0.2301,2.5000
0.7166,3.5000
0.0278,3.5000
-0.0503,3.5000
0.3938,3.5000
0.5404,3.5000
0.9125,3.5000
0.2254,3.5000
0.2182,3.0000
0.7201,3.5000
0.7477,3.5000
0.0767,2.5000
0.9607,4.0000
0.1378,3.5000
-0.0559,3.5000
0.1192,3.0000
0.9238,4.0000
0.1821,3.5000
0.7069,3.5000
0.7408,2.5000
0.8907,3.5000
0.2482,4.0000
-0.1964,3.0000
0.4342,3.5000
0.6230,4.0000
-0.0424,3.5000
-0.0429,2.5000
0.3074,4.0000
0.0272,3.0000
0.2639,3.5000
-0.1278,2.0000
0.9368,3.5000
0.3472,2.5000
0.5096,3.5000
0.1110,3.0000
-0.0211,3.5000
0.1836,3.5000
0.0747,2.5000
0.8349,3.5000
0.4025,3.0000
0.6716,4.0000
0.5661,4.0000
0.5712,3.5000
0.5672,3.3333
0.5588,3.0000
-0.6157,2.6667
-1.0000,3.3333
0.4349,3.0000
-0.4400,2.6667
-0.5133,1.6667
0.1838,3.0000
0.3123,3.0000
0.3042,3.3333
0.2716,3.0000
0.5322,3.3333
0.3699,3.0000
-0.1630,2.6667
0.7480,3.6667
0.2226,3.0000
-0.3402,3.3333
-0.0447,2.3333
-0.4496,2.6667
0.6762,3.0000
0.7611,3.0000
0.6943,3.6667
0.5849,3.0000
0.6681,3.3333
0.4143,3.0000
-0.0305,2.0000
0.9116,3.3333
0.1079,3.0000
0.5421,4.0000
0.6434,4.0000
0.7541,3.5000
-0.8184,2.0000
0.7255,4.0000
-0.7060,2.0000
0.4561,3.0000
0.0292,3.0000
-0.1132,3.0000
-0.8195,2.0000
-0.1899,3.0000
-0.5942,3.0000
0.9805,4.5000
0.2862,3.5000
0.9021,4.0000
0.2099,3.5000
0.4221,4.0000
-0.2078,2.0000
0.2378,3.5000
-0.0154,3.0000
-0.6776,2.0000
-0.7577,2.5000
0.1269,3.0000
0.4581,3.5000
0.3605,2.0000
0.2139,3.5000
0.7913,4.5000
-0.7821,2.5000
0.0793,3.5000
0.7412,4.5000
0.2185,3.5000
0.4695,3.5000
-0.4002,2.0000
0.4740,4.0000
0.6302,3.5000
-0.4171,2.5000
-0.1811,2.0000
-0.7583,3.0000
0.7415,4.5000
-0.6457,2.0000
0.3727,3.0000
0.0635,3.5000
-0.4021,2.0000
-0.8973,2.0000
-0.3963,2.0000
-0.8038,3.0000
-0.2912,2.0000
0.2629,3.5000
0.9021,4.5000
-0.6432,3.5000
-0.4360,3.0000
-0.8956,2.5000
-0.7020,2.0000
0.7951,3.5000
0.1629,3.5000
0.2642,2.5000
0.1983,3.5000
-0.5063,2.0000
0.0350,2.5000
0.6054,3.5000
0.4936,3.5000
0.5821,4.0000
0.6764,4.5000
-0.7292,3.0000
-0.5147,2.0000
-0.0352,3.5000
0.6741,3.0000
-0.8638,3.0000
0.1398,3.5000
0.4935,3.5000
0.4500,3.5000
0.9019,4.5000
0.7196,3.5000
0.1253,3.0000
0.1164,3.5000
0.2798,3.0000
0.2816,3.0000
0.4945,3.0000
0.4286,3.5000
0.5689,3.5000
0.4647,3.5000
0.6657,4.0000
-0.0096,2.5000
-0.3578,2.5000
-0.3245,2.5000
0.5168,3.0000
0.4458,3.0000
0.3673,3.0000
0.4012,4.0000
-0.2314,2.5000
0.4671,3.0000
-0.8147,2.5000
0.5255,3.0000
0.9802,3.5000
0.4983,3.5000
0.1992,3.0000
0.3119,2.5000
-0.4639,2.5000
0.5059,4.0000
0.8074,4.0000
0.1843,3.0000
0.2485,2.5000
-0.7783,2.0000
0.6400,3.0000
-0.3768,2.0000
-0.2823,2.5000
-0.0985,2.0000
0.6010,3.5000
0.3496,3.5000
0.1678,3.0000
0.1694,2.5000
-0.1731,2.5000
-0.0818,3.0000
-0.3017,2.5000
0.9475,4.5000
0.5224,3.0000
0.8618,4.0000
0.6149,3.0000
0.8062,3.5000
0.5670,3.5000
0.9021,3.5000
0.1584,3.5000
0.8891,3.5000
0.9411,3.5000
-0.3570,2.5000
0.2946,3.5000
-0.3057,2.0000
0.4166,1.5000
0.1934,4.0000
0.8199,3.0000
-0.3311,3.0000
-0.3435,3.0000
0.2267,3.0000
0.5532,4.0000
0.7579,2.5000
-0.3686,2.5000
0.2247,3.5000
0.9739,3.5000
-0.1921,3.0000
0.2215,3.5000
0.5246,1.5000
-0.0455,2.0000
0.1814,3.5000
0.5799,2.0000
0.6377,3.5000
-0.4455,2.0000
-0.5811,2.5000
-0.3368,3.0000
-1.0000,1.5000
0.6983,4.0000
-0.2304,3.0000
0.2483,2.5000
-0.0676,3.0000
-0.4699,1.5000
-0.0377,2.0000
-0.3959,3.5000
-0.0441,1.0000
-0.6038,3.5000
0.2507,2.5000
-0.5422,2.0000
0.8810,2.5000
-0.0425,2.5000
0.7676,3.5000
0.6753,2.5000
0.1783,2.5000
-0.5319,1.0000
0.3698,3.5000
0.2429,2.5000
-0.1418,2.5000
-0.3766,2.5000
0.9125,3.5000
0.6386,2.5000
0.4825,3.5000
0.7707,3.0000
0.4526,3.5000
0.1824,3.0000
0.1097,1.5000
0.1470,3.5000
-0.0990,3.0000
0.1631,3.0000
0.8563,3.0000
0.6674,3.5000
0.3604,2.5000
0.0658,3.0000
-0.4770,2.0000
0.2371,3.0000
-0.2881,3.0000
-0.0378,2.5000
0.8044,4.0000
0.6234,3.5000
0.0295,3.0000
0.8043,4.0000
-0.2655,2.5000
-0.0972,3.0000
0.7707,3.0000
-0.0834,3.0000
0.8394,4.0000
0.8662,4.0000
-0.1806,2.5000
-0.2185,3.0000
-0.6418,2.5000
0.5481,4.0000
-0.1915,3.0000
0.5374,3.5000
0.2007,3.0000
0.0728,2.5000
-0.4084,3.0000
0.2534,3.0000
0.2892,2.5000
0.8738,4.0000
0.8326,3.0000
0.2329,4.0000
-0.0875,3.0000
-0.7165,2.5000
0.9672,3.5000
0.7317,3.5000
0.9607,4.0000
-0.5250,2.5000
0.7378,3.5000
-0.3288,2.5000
0.8756,4.0000
-0.8591,2.5000
0.7198,4.0000
0.0338,3.0000
-0.3542,2.0000
0.3911,3.5000
0.7848,3.5000
0.2325,3.0000
0.5267,3.0000
0.0453,2.5000
0.4753,3.5000
-0.4490,2.5000
0.2081,3.5000
0.7415,4.0000
0.9409,4.5000
-0.3119,2.5000
0.4611,3.5000
0.7719,4.0000
-0.0327,2.5000
-0.6034,2.0000
-0.3621,2.0000
0.3198,3.0000
0.3023,3.0000
-0.5540,2.0000
0.3127,3.0000
-0.6991,2.0000
-0.6141,2.0000
-0.2215,2.5000
-0.0671,2.5000
0.6074,4.0000
0.6061,3.0000
0.6994,3.5000
0.6546,3.5000
0.4930,4.0000
0.6413,3.5000
0.6773,3.5000
-0.2026,3.5000
-0.3871,2.5000
0.6753,3.5000
-0.4126,2.5000
0.5707,3.0000
0.5648,3.5000
0.4443,3.5000
0.5547,3.0000
-0.2209,2.5000
0.2514,2.5000
-0.6153,2.5000
0.1771,3.0000
-0.6095,1.5000
0.2447,3.0000
0.5205,2.5000
0.8533,3.5000
0.7613,3.5000
0.2252,4.0000
0.0377,2.5000
0.1765,2.5000
0.8245,3.0000
0.5731,3.5000
0.4589,4.0000
0.2123,3.5000
-0.1050,2.0000
0.3401,3.5000
-0.4987,1.5000
0.2506,2.5000
-0.2871,2.0000
0.2987,3.0000
-0.2417,2.5000
-0.7938,2.0000
-0.0428,3.5000
-0.7638,1.0000
-0.0964,1.5000
0.2578,3.5000
-0.3679,3.0000
0.3426,3.5000
0.3579,3.5000
0.3818,3.5000
0.3951,3.5000
0.9191,3.5000
0.5070,2.5000
0.0382,2.5000
0.2406,3.5000
0.4568,3.5000
-0.5135,2.0000
-0.1289,2.0000
0.1719,2.5000
0.1307,2.5000
0.1726,3.5000
0.1201,2.0000
0.0604,4.0000
0.4467,3.5000
0.4456,3.5000
0.3852,3.5000
0.5035,3.0000
0.4291,2.5000
0.3546,4.0000
0.3826,3.5000
0.1764,3.0000
-0.2369,2.5000
0.3976,3.0000
0.2020,3.5000
0.1668,3.0000
-0.0783,1.5000
0.4170,3.5000
-0.2828,2.3333
0.8782,3.6667
0.9542,3.6667
0.1607,2.6667
0.4193,3.6667
0.3846,3.6667
0.0211,2.6667
0.9063,3.0000
0.6723,3.6667
0.2763,3.3333
0.5929,3.3333
0.3404,3.6667
-0.4008,2.0000
0.1686,3.0000
0.4853,3.0000
-0.0503,3.0000
0.0795,3.0000
0.7107,3.5000
0.3362,2.5000
-0.4272,2.5000
0.6274,3.5000
0.0910,3.5000
-0.2590,2.5000
-0.0997,3.0000
0.9338,4.0000
-0.7350,2.5000
-0.4565,2.5000
-0.6118,2.5000
0.0654,3.0000
-0.4130,2.5000
-0.0370,3.0000
0.1036,2.5000
-0.3618,2.5000
0.2224,3.5000
0.0405,3.0000
0.1741,3.5000
-0.7228,3.0000
-0.2889,2.5000
0.1586,2.5000
-0.0938,2.5000
0.9663,4.5000
0.3902,3.0000
0.6703,3.5000
-0.2419,3.5000
0.1031,3.0000
0.9079,4.0000
0.0701,3.5000
0.4838,3.0000
0.9374,4.0000
0.2410,3.0000
0.9085,4.0000
-0.7595,2.0000
-0.0804,3.0000
0.0457,3.0000
-0.1598,3.5000
-0.1716,2.5000
-0.0864,2.5000
-0.1141,3.0000
-0.5103,2.0000
-0.3333,3.0000
0.4261,2.5000
0.6597,3.0000
0.8603,4.0000
-0.5422,2.5000
-0.0188,3.5000
0.2130,3.0000
-0.2270,3.0000
0.3023,3.5000
-0.7584,2.0000
0.6606,4.0000
0.7246,4.0000
0.9125,3.5000
0.7508,3.0000
0.5758,2.5000
-0.4418,2.0000
-0.6786,2.0000
0.6765,3.5000
-0.3209,3.0000
-0.4675,2.0000
-0.3011,2.5000
-0.2176,3.5000
-0.3204,3.0000
-0.1723,3.0000
0.8406,5.0000
0.8563,3.5000
0.1705,3.0000
0.1627,3.0000
-0.3216,3.0000
0.4723,3.0000
0.8713,4.0000
0.9860,4.0000
0.9058,3.5000
-0.8258,3.0000
0.6631,4.0000
0.9209,4.0000
0.0623,3.0000
0.5374,4.0000
-0.5846,2.5000
0.2332,3.5000
-0.6412,3.0000
0.4663,4.0000
0.3547,2.5000
0.1586,3.5000
-0.2699,2.5000
0.2191,3.5000
0.3670,2.5000
-0.0308,4.5000
-0.2187,2.0000
0.9412,4.5000
0.0017,2.5000
0.4223,4.0000
0.3257,4.0000
0.4575,3.5000
0.3441,3.5000
-0.7834,3.0000
-0.7006,2.5000
0.2320,3.0000
-0.3004,3.0000
0.7242,3.5000
-0.3604,2.5000
0.4925,4.0000
-0.7222,2.5000
-0.0490,2.5000
-0.0742,2.5000
-0.5541,2.0000
-0.2791,3.5000
-0.4254,3.5000
-0.0972,3.0000
-0.4552,2.5000
-0.1482,2.5000
-0.0099,3.5000
0.0316,3.0000
-0.1859,2.5000
0.9500,4.0000
0.1253,3.0000
0.3362,4.0000
0.2679,3.0000
-0.5329,3.0000
-0.4207,3.0000
0.8293,3.5000
0.7545,4.0000
-0.6285,3.0000
0.4818,4.0000
0.3870,4.0000
0.6543,2.5000
-0.4143,2.0000
0.8164,4.0000
0.2833,3.5000
-0.5966,2.5000
0.2071,4.5000
-0.4206,1.5000
0.3681,2.5000
-0.8515,2.0000
0.8847,3.0000
0.3466,4.0000
0.8110,5.0000
-0.0926,2.0000
0.3711,4.0000
0.9282,4.5000
0.8174,5.0000
0.8239,4.0000
0.8216,4.0000
0.3396,3.0000
-0.4189,2.0000
0.6822,4.0000
0.8300,4.0000
-0.3128,3.0000
-0.1316,3.0000
-0.2826,3.0000
0.5394,4.0000
-0.5016,2.0000
0.5527,4.0000
-0.5904,1.5000
0.7001,4.0000
0.5159,3.5000
0.9007,4.0000
-0.8632,3.5000
0.4925,4.0000
-0.4868,2.5000
0.5181,4.0000
0.5917,4.0000
0.7555,4.0000
0.5332,4.0000
0.7716,4.0000
-0.9219,2.0000
0.8720,4.0000
0.6435,4.0000
0.6816,4.5000
0.1391,3.5000
-0.1669,2.5000
0.1408,2.5000
-0.2469,2.0000
-0.4748,2.0000
-0.6762,2.0000
0.0873,3.0000
0.1560,4.5000
0.1514,3.5000
-0.2979,3.0000
0.1981,4.5000
-0.3463,2.5000
0.5678,3.5000
-0.3652,3.0000
-0.0514,3.5000
-0.3584,2.5000
-0.0040,3.5000
-0.2177,3.5000
-0.0502,3.0000
0.0150,3.5000
-0.1922,3.0000
0.0206,3.5000
-0.6917,2.0000
-0.2222,3.5000
-0.5110,2.0000
-0.6545,2.0000
-0.0320,2.5000
0.0716,2.5000
-0.1691,2.5000
0.2423,3.0000
0.2010,4.0000
-0.1399,4.0000
0.5069,3.5000
0.5374,4.5000
-0.2720,2.5000
0.1410,3.0000
-0.7974,2.0000
-0.5811,3.0000
-0.6612,2.0000
-0.2076,3.0000
-0.3580,4.0000
0.6103,4.5000
0.7931,4.0000
-0.3107,2.5000
-0.6389,2.0000
-0.0796,4.0000
0.6864,4.0000
0.0932,2.5000
-0.4979,2.0000
0.1650,2.5000
0.2531,4.5000
-0.1907,3.0000
-0.0052,3.5000
0.1659,3.0000
0.0634,3.0000
0.7852,4.0000
0.2112,4.0000
0.2966,3.5000
-0.4848,2.0000
-0.2582,4.0000
0.2726,4.5000
0.8404,4.5000
0.0644,2.0000
0.1601,2.5000
